ts_code,trade_date,open,high,low,close,pre_close,change,pct_chg,vol,amount
002773.SZ,20150626,7.74,9.29,7.74,9.29,6.45,2.839999999999999,44.03,291.0,564.926
002773.SZ,20150629,10.22,10.22,10.22,10.22,9.29,0.9300000000000015,10.01,221.0,476.697
002773.SZ,20150630,11.24,11.24,11.24,11.24,10.22,1.0199999999999996,9.98,212.0,503.076
002773.SZ,20150701,12.37,12.37,12.37,12.37,11.24,1.129999999999999,10.05,108.0,281.88
002773.SZ,20150702,13.6,13.6,13.6,13.6,12.37,1.2300000000000004,9.94,518.0,1487.178
002773.SZ,20150703,14.96,14.96,14.96,14.96,13.6,1.3600000000000012,10.0,5064.74,15994.4489
002773.SZ,20150706,16.46,16.46,16.46,16.46,14.96,1.5,10.03,5940.26,20636.4632
002773.SZ,20150707,18.1,18.1,15.75,17.8,16.46,1.3399999999999999,8.14,320629.09,1176980.6793
002773.SZ,20150708,16.02,17.44,16.02,16.73,17.8,-1.0700000000000003,-6.01,136655.09,473105.3406
002773.SZ,20150709,16.58,18.4,16.58,18.4,16.73,1.6699999999999982,9.98,40569.56,153899.0258
002773.SZ,20150710,20.24,20.24,20.24,20.24,18.4,1.8399999999999999,10.0,800.38,3418.423
002773.SZ,20150713,22.26,22.26,22.26,22.26,20.24,2.020000000000003,9.98,874.69,4109.2936
002773.SZ,20150714,24.49,24.49,24.49,24.49,22.26,2.229999999999997,10.02,6855.81,35430.8261
002773.SZ,20150715,26.94,26.94,26.06,26.88,24.49,2.3900000000000006,9.76,105676.0,599723.1405
002773.SZ,20150716,24.19,29.38,24.19,28.14,26.88,1.2600000000000016,4.69,132725.61,744178.8238
002773.SZ,20150717,27.48,29.23,25.33,26.91,28.14,-1.2300000000000004,-4.37,103002.2,589561.2282
002773.SZ,20150720,25.58,26.94,25.11,25.57,26.91,-1.3399999999999999,-4.98,65944.83,360751.5885
002773.SZ,20150721,24.69,26.39,24.49,25.86,25.57,0.28999999999999915,1.13,41437.97,225106.2562
002773.SZ,20150722,25.59,28.44,25.43,28.44,25.86,2.580000000000002,9.98,73298.43,420469.0565
002773.SZ,20150723,28.05,31.29,25.82,31.29,28.44,2.849999999999998,10.02,45082.46,273671.5486
002773.SZ,20150724,33.06,34.41,31.74,32.6,31.29,1.3100000000000023,4.19,69267.04,491117.4083
002773.SZ,20150727,31.28,34.39,29.34,29.34,32.6,-3.2600000000000016,-10.0,58304.88,392922.2354
002773.SZ,20150728,26.41,30.32,26.41,27.62,29.34,-1.7199999999999989,-5.86,66561.44,383759.8786
002773.SZ,20150729,27.95,29.61,24.86,29.37,27.62,1.75,6.34,69826.74,402218.0193
002773.SZ,20150730,29.14,32.31,28.19,30.6,29.37,1.2300000000000004,4.19,82266.5,538806.2773
002773.SZ,20150731,30.59,33.19,29.79,31.68,30.6,1.0799999999999983,3.53,52113.5,345443.5578
002773.SZ,20150803,31.51,31.75,29.0,29.36,31.68,-2.3200000000000003,-7.32,45148.66,289762.8933
002773.SZ,20150804,29.41,30.85,28.43,30.27,29.36,0.9100000000000001,3.1,36182.24,228010.0413
002773.SZ,20150805,29.47,31.75,28.98,30.35,30.27,0.08000000000000185,0.26,40285.69,260499.6877
002773.SZ,20150806,29.7,30.37,28.99,29.15,30.35,-1.2000000000000028,-3.95,28936.45,180486.0872
002773.SZ,20150807,28.98,32.03,28.98,31.7,29.15,2.5500000000000007,8.75,44130.88,289719.8267
002773.SZ,20150810,31.65,34.59,31.65,33.72,31.7,2.0199999999999996,6.37,45864.33,321081.7042
002773.SZ,20150811,33.47,35.71,32.27,34.11,33.72,0.39000000000000057,1.16,41719.12,299493.0755
002773.SZ,20150812,33.74,36.48,33.12,35.44,34.11,1.3299999999999983,3.9,37239.14,276396.4715
002773.SZ,20150813,35.77,36.48,33.7,35.09,35.44,-0.3499999999999943,-0.99,32540.26,240014.1305
002773.SZ,20150814,34.92,35.63,34.06,35.06,35.09,-0.030000000000001137,-0.09,27111.38,199108.0975
002773.SZ,20150817,35.29,36.69,34.38,35.18,35.06,0.11999999999999744,0.34,27198.61,203278.1132
002773.SZ,20150818,34.65,35.01,32.08,32.22,35.18,-2.960000000000001,-8.41,34007.1,240356.739
002773.SZ,20150819,31.58,34.02,31.27,33.78,32.22,1.5600000000000023,4.84,37075.56,254007.7195
002773.SZ,20150820,33.63,34.85,32.22,32.69,33.78,-1.0900000000000034,-3.23,20321.72,144174.8227
002773.SZ,20150821,32.06,33.05,31.27,31.56,32.69,-1.129999999999999,-3.46,18831.35,126552.7808
002773.SZ,20150824,28.76,29.61,28.4,28.4,31.56,-3.16,-10.01,22204.8,133423.9582
002773.SZ,20150825,26.06,28.4,25.56,25.56,28.4,-2.84,-10.0,54488.37,300755.461
002773.SZ,20150826,25.82,28.12,24.16,27.14,25.56,1.5800000000000018,6.18,35365.21,200301.041
002773.SZ,20150827,27.91,29.23,26.55,27.79,27.14,0.6499999999999986,2.39,30936.79,182282.5016
002773.SZ,20150828,28.09,29.05,27.01,28.52,27.79,0.7300000000000004,2.63,25386.87,150084.0214
002773.SZ,20150831,28.51,28.51,25.67,25.67,28.52,-2.849999999999998,-9.99,21512.8,121883.3851
002773.SZ,20150901,25.11,27.1,23.69,24.77,25.67,-0.9000000000000021,-3.51,24444.83,131267.6679
002773.SZ,20150902,23.12,26.3,23.08,24.76,24.77,-0.00999999999999801,-0.04,27028.79,143971.7473
002773.SZ,20150907,25.13,26.53,25.1,25.71,24.76,0.9499999999999993,3.84,15026.03,81647.5913
002773.SZ,20150908,25.72,27.46,25.25,27.46,25.71,1.75,6.81,20251.29,113652.8544
002773.SZ,20150909,27.76,28.66,27.25,28.04,27.46,0.5799999999999983,2.11,37206.49,219531.3757
002773.SZ,20150910,27.53,27.96,27.05,27.2,28.04,-0.8399999999999999,-3.0,21206.72,122861.2926
002773.SZ,20150911,27.2,29.08,27.03,28.49,27.2,1.2899999999999991,4.74,21385.13,127317.3159
002773.SZ,20150914,28.57,29.37,25.64,25.64,28.49,-2.849999999999998,-10.0,23634.64,137558.2831
002773.SZ,20150915,24.73,26.62,24.69,25.74,25.64,0.09999999999999787,0.39,16401.42,89565.798
002773.SZ,20150916,25.97,28.31,25.59,28.26,25.74,2.520000000000003,9.79,17950.31,101535.8187
002773.SZ,20150917,28.19,29.47,27.6,27.6,28.26,-0.6600000000000001,-2.34,17459.14,105125.5469
002773.SZ,20150918,27.74,28.9,27.33,28.24,27.6,0.639999999999997,2.32,9821.3,58233.2219
002773.SZ,20150921,27.96,29.79,27.72,29.21,28.24,0.9700000000000024,3.43,13426.55,82867.457
002773.SZ,20150922,29.14,29.79,28.74,29.03,29.21,-0.17999999999999972,-0.62,12418.05,76402.7228
002773.SZ,20150923,28.48,29.37,28.04,28.38,29.03,-0.6500000000000021,-2.24,20018.02,120660.2467
002773.SZ,20150924,28.39,28.97,28.0,28.37,28.38,-0.00999999999999801,-0.04,9142.6,55044.6745
002773.SZ,20150925,28.11,28.67,26.44,26.91,28.37,-1.4600000000000009,-5.15,12703.61,73878.196
002773.SZ,20150928,27.01,27.77,26.91,27.7,26.91,0.7899999999999991,2.94,8171.41,47326.5559
002773.SZ,20150929,27.22,27.71,27.05,27.48,27.7,-0.21999999999999886,-0.79,7029.32,40738.8722
002773.SZ,20150930,27.81,27.84,27.29,27.61,27.48,0.129999999999999,0.47,4352.73,25319.3517
002773.SZ,20151008,28.85,29.61,28.19,29.0,27.61,1.3900000000000006,5.03,11944.47,72856.8724
002773.SZ,20151009,28.9,30.79,28.67,30.32,29.0,1.3200000000000003,4.55,13716.17,85581.0721
002773.SZ,20151012,30.47,33.31,30.21,32.5,30.32,2.1799999999999997,7.19,14671.78,99832.6329
002773.SZ,20151013,32.5,34.12,32.22,33.17,32.5,0.6700000000000017,2.06,10772.25,75588.9861
002773.SZ,20151014,33.17,33.48,31.89,32.33,33.17,-0.8400000000000034,-2.53,10180.15,69968.2215
002773.SZ,20151015,32.89,33.93,32.22,33.26,32.33,0.9299999999999997,2.88,12017.75,84000.2099
002773.SZ,20151016,33.4,33.42,32.36,32.94,33.26,-0.3200000000000003,-0.96,13106.62,90679.2201
002773.SZ,20151019,32.88,33.11,31.37,31.93,32.94,-1.009999999999998,-3.07,13806.61,93993.4862
002773.SZ,20151020,31.94,33.11,31.86,32.65,31.93,0.7199999999999989,2.25,12810.44,87903.9245
002773.SZ,20151021,32.6,33.54,30.8,31.56,32.65,-1.0899999999999999,-3.34,15357.67,104695.0436
002773.SZ,20151022,31.56,33.4,31.18,33.21,31.56,1.6500000000000021,5.23,18363.31,126550.2601
002773.SZ,20151023,34.12,35.54,32.22,33.54,33.21,0.3299999999999983,0.99,24702.37,176868.8339
002773.SZ,20151026,33.54,33.63,32.03,32.65,33.54,-0.8900000000000006,-2.65,22642.81,154981.6142
002773.SZ,20151027,33.16,35.91,32.86,35.91,32.65,3.259999999999998,9.98,38879.91,284699.393
002773.SZ,20151028,36.52,37.7,34.48,34.93,35.91,-0.9799999999999969,-2.73,42769.79,328334.9308
002773.SZ,20151029,34.74,36.34,34.74,35.41,34.93,0.4799999999999969,1.37,18054.37,135115.1131
002773.SZ,20151030,35.2,38.85,34.6,37.72,35.41,2.3100000000000023,6.52,28231.51,221535.1865
002773.SZ,20151102,36.48,41.41,36.11,38.71,37.72,0.990000000000002,2.62,37485.38,307570.0649
002773.SZ,20151103,38.47,41.7,38.47,39.81,38.71,1.1000000000000014,2.84,29988.87,252445.876
002773.SZ,20151104,40.2,41.54,39.09,41.03,39.81,1.2199999999999989,3.06,27807.46,236079.3189
002773.SZ,20151105,40.68,41.29,39.27,39.45,41.03,-1.5799999999999983,-3.85,27709.0,233576.4437
002773.SZ,20151106,39.45,40.99,39.0,40.27,39.45,0.8200000000000003,2.08,19145.29,162318.9216
002773.SZ,20151109,39.8,44.3,39.71,44.3,40.27,4.029999999999994,10.01,32185.43,288964.4351
002773.SZ,20151110,43.59,45.39,42.59,44.16,44.3,-0.14000000000000057,-0.32,25807.26,239180.1034
002773.SZ,20151111,43.62,46.62,43.38,45.34,44.16,1.1800000000000068,2.67,25612.02,244799.6783
002773.SZ,20151112,45.24,47.38,43.83,44.52,45.34,-0.8200000000000003,-1.81,34890.44,333015.4479
002773.SZ,20151113,43.59,43.59,40.56,40.8,44.52,-3.720000000000006,-8.36,35742.18,316841.4496
002773.SZ,20151116,38.96,42.11,38.96,41.12,40.8,0.3200000000000003,0.78,18102.54,156293.4219
002773.SZ,20151117,42.11,42.12,40.12,41.27,41.12,0.15000000000000568,0.36,25418.91,219301.3929
002773.SZ,20151118,40.84,41.17,39.77,39.77,41.27,-1.5,-3.63,14373.65,121782.6681
002773.SZ,20151119,39.75,41.66,39.75,41.46,39.77,1.6899999999999977,4.25,15453.07,133461.1086
002773.SZ,20151120,41.52,41.7,39.8,40.75,41.46,-0.7100000000000009,-1.71,17068.3,146802.3766
002773.SZ,20151123,40.38,41.45,40.11,40.71,40.75,-0.03999999999999915,-0.1,18960.98,162763.0028
002773.SZ,20151124,40.43,43.39,39.84,42.69,40.71,1.9799999999999969,4.86,24859.01,218051.357
002773.SZ,20151125,42.43,42.44,41.08,42.11,42.69,-0.5799999999999983,-1.36,30461.45,268245.9684
002773.SZ,20151126,42.12,43.5,41.79,42.11,42.11,0.0,0.0,26742.4,240722.0726
002773.SZ,20151127,41.98,43.12,38.85,39.56,42.11,-2.549999999999997,-6.06,25261.53,217954.3058
002773.SZ,20151130,38.85,40.23,36.73,39.79,39.56,0.22999999999999687,0.58,24220.7,197792.0852
002773.SZ,20151201,39.24,39.96,38.84,39.09,39.79,-0.6999999999999957,-1.76,14906.06,124064.9981
002773.SZ,20151202,38.87,38.99,36.71,37.91,39.09,-1.1800000000000068,-3.02,16126.04,127396.5221
002773.SZ,20151203,38.38,39.24,37.91,38.81,37.91,0.9000000000000057,2.37,8788.76,71832.5167
002773.SZ,20151204,39.05,39.82,38.62,38.84,38.81,0.030000000000001137,0.08,10167.3,83893.9797
002773.SZ,20151207,39.13,39.17,37.43,37.81,38.84,-1.0300000000000011,-2.65,15927.7,127504.5772
002773.SZ,20151208,38.28,38.9,37.43,38.05,37.81,0.23999999999999488,0.63,14801.92,119563.8525
002773.SZ,20151209,37.75,38.14,36.73,37.88,38.05,-0.1699999999999946,-0.45,14808.17,116284.1218
002773.SZ,20151210,37.43,38.15,37.41,37.47,37.88,-0.4100000000000037,-1.08,8065.63,64203.9935
002773.SZ,20151211,37.05,39.1,37.05,39.04,37.47,1.5700000000000003,4.19,16211.89,130827.3559
002773.SZ,20151214,38.62,39.8,38.22,39.3,39.04,0.259999999999998,0.67,9262.4,76285.316
002773.SZ,20151215,39.32,40.23,38.71,39.04,39.3,-0.259999999999998,-0.66,10539.17,87859.6552
002773.SZ,20151216,39.33,39.78,38.88,38.94,39.04,-0.10000000000000142,-0.26,10908.97,90278.9219
002773.SZ,20151217,38.97,40.09,38.85,39.79,38.94,0.8500000000000014,2.18,13897.05,115625.0616
002773.SZ,20151218,39.57,39.89,38.9,39.1,39.79,-0.6899999999999977,-1.73,10747.96,89311.0972
002773.SZ,20151221,39.05,39.42,38.76,39.32,39.1,0.21999999999999886,0.56,10786.01,88898.2935
002773.SZ,20151222,39.14,39.49,38.86,39.42,39.32,0.10000000000000142,0.25,10429.18,86395.3022
002773.SZ,20151223,39.42,42.63,39.27,41.22,39.42,1.7999999999999972,4.57,27787.05,241053.6426
002773.SZ,20151224,40.8,41.7,40.75,41.51,41.22,0.28999999999999915,0.7,13376.33,116409.5311
002773.SZ,20151225,41.64,43.39,40.84,41.13,41.51,-0.37999999999999545,-0.92,16243.03,144719.437
002773.SZ,20151228,41.13,41.86,37.91,39.31,41.13,-1.8200000000000003,-4.42,26191.15,218078.4631
002773.SZ,20151229,39.09,39.74,38.1,39.4,39.31,0.0899999999999963,0.23,12493.09,102093.3069
002773.SZ,20151230,38.94,39.4,38.7,38.9,39.4,-0.5,-1.27,7689.0,63232.8101
002773.SZ,20151231,38.94,39.28,38.0,38.95,38.9,0.05000000000000426,0.13,9041.94,73967.2566
002773.SZ,20160104,38.76,38.76,35.06,35.07,38.95,-3.8800000000000026,-9.96,12907.18,99352.8414
002773.SZ,20160105,31.75,35.01,31.75,34.12,35.07,-0.9500000000000028,-2.71,14903.27,105750.2708
002773.SZ,20160106,34.11,35.16,33.67,34.68,34.12,0.5600000000000023,1.64,9678.57,70617.8355
002773.SZ,20160107,34.12,34.12,31.23,31.24,34.68,-3.4400000000000013,-9.92,2917.0,19792.094
002773.SZ,20160108,32.36,32.66,29.48,31.77,31.24,0.5300000000000011,1.7,14054.43,94003.657
002773.SZ,20160111,31.13,32.41,30.42,30.52,31.77,-1.25,-3.93,11247.0,74950.2343
002773.SZ,20160112,30.58,31.33,29.91,30.74,30.52,0.21999999999999886,0.72,9384.37,60761.4017
002773.SZ,20160113,30.56,31.27,30.09,30.32,30.74,-0.41999999999999815,-1.37,7439.52,48185.021
002773.SZ,20160114,29.14,32.02,29.14,31.76,30.32,1.4400000000000013,4.75,8994.51,59157.9942
002773.SZ,20160115,31.76,31.98,30.13,30.3,31.76,-1.4600000000000009,-4.6,8102.9,52933.3443
002773.SZ,20160118,30.14,31.92,29.85,31.38,30.3,1.0799999999999983,3.56,8979.94,58858.0412
002773.SZ,20160119,31.38,32.16,31.03,32.12,31.38,0.7399999999999984,2.36,7118.14,47714.0885
002773.SZ,20160120,31.98,32.46,31.75,31.89,32.12,-0.22999999999999687,-0.72,5611.76,38020.6944
002773.SZ,20160121,31.86,31.94,30.23,30.32,31.89,-1.5700000000000003,-4.92,7818.88,51498.5019
002773.SZ,20160122,30.79,30.99,29.76,30.47,30.32,0.14999999999999858,0.49,5638.24,36003.0969
002773.SZ,20160125,30.63,30.88,29.9,30.21,30.47,-0.259999999999998,-0.85,5276.44,33961.4125
002773.SZ,20160126,30.09,30.86,28.33,28.57,30.21,-1.6400000000000006,-5.43,10061.3,63417.3933
002773.SZ,20160127,29.05,29.78,27.48,29.46,28.57,0.8900000000000006,3.12,12638.2,75965.4325
002773.SZ,20160128,28.92,29.94,28.47,28.48,29.46,-0.9800000000000004,-3.33,5171.02,31927.7159
002773.SZ,20160129,28.48,29.85,28.48,29.69,28.48,1.2100000000000009,4.25,6201.47,38498.9377
002773.SZ,20160201,29.66,29.84,28.67,29.09,29.69,-0.6000000000000014,-2.02,4564.88,28224.9121
002773.SZ,20160202,29.1,30.32,29.1,29.99,29.09,0.8999999999999986,3.09,6373.34,40117.5629
002773.SZ,20160203,29.61,29.85,29.14,29.64,29.99,-0.34999999999999787,-1.17,4834.0,30036.261
002773.SZ,20160204,29.61,30.31,29.61,30.01,29.64,0.370000000000001,1.25,6262.03,39729.1623
002773.SZ,20160205,30.03,30.19,29.79,29.79,30.01,-0.22000000000000242,-0.73,3610.82,22853.0668
002773.SZ,20160215,28.91,30.75,28.71,30.5,29.79,0.7100000000000009,2.38,7114.53,45120.9946
002773.SZ,20160216,30.37,32.02,30.37,32.01,30.5,1.509999999999998,4.95,9261.67,61366.9362
002773.SZ,20160217,31.97,31.97,31.29,31.74,32.01,-0.2699999999999996,-0.84,5198.67,34664.607
002773.SZ,20160218,32.17,32.44,31.41,31.65,31.74,-0.08999999999999986,-0.28,5946.4,39976.0461
002773.SZ,20160219,31.63,31.75,31.04,31.27,31.65,-0.379999999999999,-1.2,4914.29,32518.7829
002773.SZ,20160222,31.64,31.96,31.33,31.72,31.27,0.4499999999999993,1.44,5459.28,36439.8728
002773.SZ,20160223,32.23,33.12,31.75,32.22,31.72,0.5,1.58,12561.9,86126.7428
002773.SZ,20160224,31.84,32.13,30.7,31.46,32.22,-0.759999999999998,-2.36,7794.11,51753.1568
002773.SZ,20160225,31.41,31.67,28.32,28.52,31.46,-2.9400000000000013,-9.35,12561.48,79131.031
002773.SZ,20160226,28.71,29.3,27.96,28.41,28.52,-0.10999999999999943,-0.39,8486.62,51531.677
002773.SZ,20160229,28.41,28.6,27.14,27.52,28.41,-0.8900000000000006,-3.13,8728.57,51217.2961
002773.SZ,20160301,27.57,28.73,27.55,28.42,27.52,0.9000000000000021,3.27,6028.76,36007.2889
002773.SZ,20160302,28.67,29.61,28.43,29.42,28.42,1.0,3.52,6413.49,39336.0022
002773.SZ,20160303,29.43,29.69,29.0,29.05,29.42,-0.370000000000001,-1.26,4680.63,28968.2625
002773.SZ,20160304,29.13,29.13,27.49,27.96,29.05,-1.0899999999999999,-3.75,6441.51,38313.6656
002773.SZ,20160307,28.71,28.91,27.99,28.28,27.96,0.3200000000000003,1.14,3500.71,21020.9798
002773.SZ,20160308,28.28,28.81,27.5,28.72,28.28,0.4399999999999977,1.56,4484.7,26769.2947
002773.SZ,20160309,28.17,28.87,27.96,28.2,28.72,-0.5199999999999996,-1.81,3533.61,21164.3775
002773.SZ,20160310,28.24,28.61,28.05,28.14,28.2,-0.05999999999999872,-0.21,2813.18,16805.6473
002773.SZ,20160311,27.82,28.19,27.79,28.14,28.14,0.0,0.0,2478.45,14643.8716
002773.SZ,20160314,28.91,30.96,28.91,30.96,28.14,2.8200000000000003,10.02,17545.13,113682.952
002773.SZ,20160315,30.8,31.05,29.99,30.01,30.96,-0.9499999999999993,-3.07,9403.7,60354.0708
002773.SZ,20160316,30.32,30.32,28.86,29.4,30.01,-0.610000000000003,-2.03,10077.32,63150.2174
002773.SZ,20160317,29.57,30.58,29.38,30.54,29.4,1.1400000000000006,3.88,7623.25,48493.5646
002773.SZ,20160318,30.46,31.86,30.46,31.64,30.54,1.1000000000000014,3.6,12365.53,81819.5276
002773.SZ,20160321,31.64,31.94,31.22,31.79,31.64,0.14999999999999858,0.47,11106.3,73989.3077
002773.SZ,20160322,31.6,32.45,31.28,32.22,31.79,0.4299999999999997,1.35,8237.03,55117.8878
002773.SZ,20160323,31.98,32.54,31.67,32.06,32.22,-0.1599999999999966,-0.5,5274.39,35521.4843
002773.SZ,20160324,32.05,32.32,31.51,31.52,32.06,-0.5400000000000027,-1.68,6310.87,42564.0657
002773.SZ,20160325,31.52,31.89,31.19,31.42,31.52,-0.09999999999999787,-0.32,4025.95,26682.0598
002773.SZ,20160328,31.46,32.22,31.3,31.51,31.42,0.08999999999999986,0.29,4844.98,32448.918
002773.SZ,20160329,31.51,31.65,30.17,30.32,31.51,-1.1900000000000013,-3.78,5455.24,35366.5099
002773.SZ,20160330,30.42,31.26,30.42,31.13,30.32,0.8099999999999987,2.67,4847.61,31671.5392
002773.SZ,20160331,31.18,31.89,31.15,31.33,31.13,0.1999999999999993,0.64,5744.23,38200.6276
002773.SZ,20160401,31.28,31.46,30.56,30.89,31.33,-0.4399999999999977,-1.4,4087.47,26703.5954
002773.SZ,20160405,30.94,31.98,30.8,31.88,30.89,0.9899999999999984,3.2,7403.41,49231.0298
002773.SZ,20160406,32.16,32.16,31.56,31.87,31.88,-0.00999999999999801,-0.03,5829.49,39109.4447
002773.SZ,20160407,32.13,32.67,31.66,31.74,31.87,-0.13000000000000256,-0.41,7958.76,54041.1571
002773.SZ,20160408,31.64,31.75,30.8,31.75,31.74,0.010000000000001563,0.03,7237.47,47725.3292
002773.SZ,20160411,31.75,33.62,31.75,33.62,31.75,1.8699999999999974,5.89,13245.82,91485.6222
002773.SZ,20160412,33.5,33.95,32.37,32.64,33.62,-0.9799999999999969,-2.91,11025.76,76971.849
002773.SZ,20160413,33.16,33.4,32.4,32.42,32.64,-0.21999999999999886,-0.67,15080.63,104700.0362
002773.SZ,20160414,32.61,32.89,32.25,32.88,32.42,0.46000000000000085,1.42,10388.82,71359.7346
002773.SZ,20160415,32.93,32.98,32.31,32.36,32.88,-0.5200000000000031,-1.58,7482.55,51288.4276
002773.SZ,20160418,32.16,32.16,31.27,31.98,32.36,-0.379999999999999,-1.17,5547.34,37208.6932
002773.SZ,20160419,32.21,32.45,31.69,32.08,31.98,0.09999999999999787,0.31,4612.09,31034.8881
002773.SZ,20160420,32.69,33.83,29.86,32.2,32.08,0.12000000000000455,0.37,13247.22,88476.2386
002773.SZ,20160421,31.98,31.98,30.47,30.85,32.2,-1.3500000000000014,-4.19,5958.68,39421.2976
002773.SZ,20160422,30.69,31.22,30.23,30.52,30.85,-0.33000000000000185,-1.07,6426.09,41488.3338
002773.SZ,20160425,30.6,30.8,29.95,30.8,30.52,0.28000000000000114,0.92,5878.89,37861.2787
002773.SZ,20160426,30.8,31.36,30.74,31.03,30.8,0.23000000000000043,0.75,7658.45,50149.436
002773.SZ,20160427,31.25,31.25,30.66,30.7,31.03,-0.33000000000000185,-1.06,4936.72,32195.471
002773.SZ,20160428,30.74,30.87,30.0,30.8,30.7,0.10000000000000142,0.33,5775.33,37162.4551
002773.SZ,20160429,30.65,31.59,30.39,31.09,30.8,0.28999999999999915,0.94,6594.93,43348.8303
002773.SZ,20160503,31.26,32.35,30.8,32.3,31.09,1.2099999999999973,3.89,9250.59,62076.212
002773.SZ,20160504,32.3,32.34,31.74,31.76,32.3,-0.5399999999999956,-1.67,7550.56,50977.6128
002773.SZ,20160505,31.75,32.22,31.56,32.0,31.76,0.23999999999999844,0.76,6794.32,45610.9451
002773.SZ,20160506,32.0,32.42,31.46,31.94,32.0,-0.05999999999999872,-0.19,9837.11,66238.3513
002773.SZ,20160509,31.84,31.84,30.56,30.8,31.94,-1.1400000000000006,-3.57,6562.1,42866.6367
002773.SZ,20160510,30.84,31.13,30.64,30.81,30.8,0.00999999999999801,0.03,3572.06,23195.2643
002773.SZ,20160511,31.13,31.25,30.49,30.72,30.81,-0.08999999999999986,-0.29,4102.31,26734.6735
002773.SZ,20160512,30.06,30.44,29.63,30.24,30.72,-0.4800000000000004,-1.56,4215.27,26686.7274
002773.SZ,20160513,30.12,30.41,29.69,29.92,30.24,-0.31999999999999673,-1.06,2800.43,17761.2576
002773.SZ,20160516,29.61,30.22,29.61,30.07,29.92,0.14999999999999858,0.5,2771.76,17492.6093
002773.SZ,20160517,30.08,31.08,29.94,30.69,30.07,0.620000000000001,2.06,4341.57,27924.2361
002773.SZ,20160518,30.56,30.56,29.61,29.78,30.69,-0.9100000000000001,-2.97,4431.75,28021.8197
002773.SZ,20160519,29.8,30.32,29.66,29.99,29.78,0.2099999999999973,0.71,2974.94,18883.6837
002773.SZ,20160520,29.85,30.23,29.65,30.09,29.99,0.10000000000000142,0.33,3199.84,20184.6525
002773.SZ,20160523,30.1,30.41,30.09,30.28,30.09,0.19000000000000128,0.63,4078.1,26028.1517
002773.SZ,20160524,30.28,30.32,29.85,29.97,30.28,-0.3100000000000023,-1.02,3564.49,22622.974
002773.SZ,20160525,30.23,30.41,29.99,30.33,29.97,0.35999999999999943,1.2,4250.27,27123.201
002773.SZ,20160526,29.9,30.32,29.76,30.25,30.33,-0.0799999999999983,-0.26,3001.41,19022.0529
002773.SZ,20160527,29.87,30.74,29.86,30.45,30.25,0.1999999999999993,0.66,4355.6,28021.1607
002773.SZ,20160530,30.44,30.74,30.27,30.49,30.45,0.03999999999999915,0.13,2969.86,19103.29
002773.SZ,20160531,30.57,31.84,30.57,31.74,30.49,1.25,4.1,8924.32,59366.841
002773.SZ,20160601,31.74,32.13,31.3,31.83,31.74,0.08999999999999986,0.28,6247.05,42084.233
002773.SZ,20160602,31.84,32.69,31.84,32.45,31.83,0.6200000000000045,1.95,9724.52,66490.8966
002773.SZ,20160603,32.24,33.14,32.24,32.98,32.45,0.529999999999994,1.63,8719.26,60381.5639
002773.SZ,20160606,32.98,35.01,32.98,34.59,32.98,1.6100000000000065,4.88,15606.79,112453.2553
002773.SZ,20160607,34.62,35.06,33.65,34.68,34.59,0.0899999999999963,0.26,12467.9,90257.6442
002773.SZ,20160608,34.54,34.54,33.07,34.06,34.68,-0.6199999999999974,-1.79,18655.19,88102.717
002773.SZ,20160613,33.22,33.77,31.51,31.57,34.06,-2.490000000000002,-7.31,16846.56,77470.9683
002773.SZ,20160614,31.57,32.38,31.36,31.98,31.57,0.41000000000000014,1.3,8118.12,36251.1447
002773.SZ,20160615,31.93,33.42,31.57,33.27,31.98,1.2900000000000027,4.03,13160.26,60813.5477
002773.SZ,20160616,33.12,33.27,32.37,32.6,33.27,-0.6700000000000017,-2.01,10475.4,47945.8828
002773.SZ,20160617,32.78,34.02,32.5,33.47,32.6,0.8699999999999974,2.67,15134.88,71044.4573
002773.SZ,20160620,33.36,34.15,32.78,33.74,33.47,0.2700000000000031,0.81,15966.4,75298.4952
002773.SZ,20160621,33.6,34.11,32.41,32.87,33.74,-0.8700000000000045,-2.58,14563.95,67591.8779
002773.SZ,20160622,32.85,33.25,32.58,33.22,32.87,0.3500000000000014,1.06,6681.76,30967.5636
002773.SZ,20160623,33.14,33.54,32.77,32.99,33.22,-0.22999999999999687,-0.69,7414.47,34428.7514
002773.SZ,20160624,33.01,33.22,31.71,32.17,32.99,-0.8200000000000003,-2.49,13417.76,61004.0147
002773.SZ,20160627,32.06,32.89,31.95,32.69,32.17,0.519999999999996,1.62,13366.83,60761.316
002773.SZ,20160628,32.55,33.35,32.45,33.32,32.69,0.6300000000000026,1.93,11240.85,52186.2732
002773.SZ,20160629,33.49,33.51,32.84,33.07,33.32,-0.25,-0.75,8285.84,38452.6613
002773.SZ,20160630,32.97,33.41,32.97,33.17,33.07,0.10000000000000142,0.3,6872.9,31961.7014
002773.SZ,20160701,33.15,33.26,32.94,32.94,33.17,-0.23000000000000398,-0.69,7009.38,32533.8551
002773.SZ,20160704,32.78,33.84,32.55,33.78,32.94,0.8400000000000034,2.55,14510.37,68097.1357
002773.SZ,20160705,34.13,34.17,33.64,33.86,33.78,0.0799999999999983,0.24,13053.97,62137.788
002773.SZ,20160706,33.58,37.25,33.58,36.17,33.86,2.3100000000000023,6.82,30492.79,153094.7976
002773.SZ,20160707,36.16,38.05,35.74,36.7,36.17,0.5300000000000011,1.47,24777.91,128736.9846
002773.SZ,20160708,36.74,37.06,35.99,36.27,36.7,-0.4299999999999997,-1.17,10028.03,51176.1906
002773.SZ,20160711,35.89,36.91,35.89,36.34,36.27,0.07000000000000028,0.19,14920.47,76206.4266
002773.SZ,20160712,36.34,38.09,36.2,37.48,36.34,1.1399999999999935,3.14,16841.28,87554.3414
002773.SZ,20160713,37.98,37.98,37.06,37.43,37.48,-0.04999999999999716,-0.13,11738.95,61630.7821
002773.SZ,20160714,37.43,37.63,36.56,36.78,37.43,-0.6499999999999986,-1.74,12000.21,62224.9781
002773.SZ,20160715,36.58,37.2,36.37,36.76,36.78,-0.020000000000003126,-0.05,7051.96,36270.5175
002773.SZ,20160718,36.7,36.7,35.65,35.92,36.76,-0.8399999999999963,-2.29,7972.74,40342.8929
002773.SZ,20160719,35.91,36.56,35.72,36.43,35.92,0.509999999999998,1.42,5124.89,26005.7955
002773.SZ,20160720,36.76,36.76,36.11,36.29,36.43,-0.14000000000000057,-0.38,3824.3,19506.3347
002773.SZ,20160721,36.34,36.81,36.11,36.52,36.29,0.23000000000000398,0.63,5275.35,26947.3285
002773.SZ,20160722,36.49,36.49,36.04,36.14,36.52,-0.38000000000000256,-1.04,4047.75,20565.2583
002773.SZ,20160725,36.14,36.26,35.63,35.86,36.14,-0.28000000000000114,-0.77,4819.68,24285.8908
002773.SZ,20160726,35.86,36.34,35.8,36.34,35.86,0.480000000000004,1.34,4529.02,22897.8452
002773.SZ,20160727,36.52,36.88,34.92,35.41,36.34,-0.9300000000000068,-2.56,11924.46,60146.321
002773.SZ,20160728,35.37,36.44,35.35,35.83,35.41,0.4200000000000017,1.19,7022.05,35351.0312
002773.SZ,20160729,36.07,36.07,35.38,35.7,35.83,-0.12999999999999545,-0.36,4286.75,21421.229
002773.SZ,20160801,35.57,35.62,34.46,34.81,35.7,-0.8900000000000006,-2.49,6806.0,33359.3224
002773.SZ,20160802,34.43,35.55,34.43,35.32,34.81,0.509999999999998,1.47,3095.55,15255.9112
002773.SZ,20160803,35.28,35.47,34.79,35.33,35.32,0.00999999999999801,0.03,3027.58,14976.5922
002773.SZ,20160804,35.28,35.55,35.08,35.52,35.33,0.19000000000000483,0.54,3194.69,15843.9934
002773.SZ,20160805,35.62,36.65,35.35,36.14,35.52,0.6199999999999974,1.75,6278.89,31777.6708
002773.SZ,20160808,36.14,36.34,35.55,36.07,36.14,-0.07000000000000028,-0.19,7556.72,38018.0799
002773.SZ,20160809,36.07,36.19,35.7,36.17,36.07,0.10000000000000142,0.28,6825.84,34470.6414
002773.SZ,20160810,36.16,36.66,35.97,36.22,36.17,0.04999999999999716,0.14,3736.88,19057.2022
002773.SZ,20160811,36.2,36.3,35.44,35.64,36.22,-0.5799999999999983,-1.6,5671.45,28384.9236
002773.SZ,20160812,35.63,35.74,35.13,35.49,35.64,-0.14999999999999858,-0.42,4784.24,23801.5388
002773.SZ,20160815,35.77,36.51,35.51,36.38,35.49,0.8900000000000006,2.51,9769.9,49503.742
002773.SZ,20160816,37.41,37.41,35.99,36.29,36.38,-0.09000000000000341,-0.25,7653.61,39045.9722
002773.SZ,20160817,36.28,36.58,35.84,35.89,36.29,-0.3999999999999986,-1.1,6599.0,33420.7865
002773.SZ,20160818,35.98,36.13,35.7,35.8,35.89,-0.09000000000000341,-0.25,4258.5,21422.3995
002773.SZ,20160819,35.8,35.97,35.63,35.68,35.8,-0.11999999999999744,-0.34,4338.1,21741.5531
002773.SZ,20160822,35.67,36.66,35.67,36.0,35.68,0.3200000000000003,0.9,6392.65,32487.6352
002773.SZ,20160823,36.29,36.47,35.72,35.89,36.0,-0.10999999999999943,-0.31,6237.99,31636.4252
002773.SZ,20160824,35.85,36.47,35.72,36.38,35.89,0.490000000000002,1.37,7324.02,37253.0121
002773.SZ,20160825,36.17,36.54,35.75,36.44,36.38,0.05999999999999517,0.16,7151.61,36230.2953
002773.SZ,20160826,36.5,37.06,36.27,36.84,36.44,0.4000000000000057,1.1,8577.27,44238.5079
002773.SZ,20160829,38.0,38.0,36.34,36.45,36.84,-0.39000000000000057,-1.06,10171.02,52519.6356
002773.SZ,20160830,36.25,36.49,36.06,36.38,36.45,-0.07000000000000028,-0.19,4033.15,20500.567
002773.SZ,20160831,36.37,36.45,36.06,36.06,36.38,-0.3200000000000003,-0.88,3975.23,20189.8287
002773.SZ,20160901,36.14,36.37,35.96,36.06,36.06,0.0,0.0,4351.29,22074.6405
002773.SZ,20160902,37.04,37.04,35.82,36.19,36.06,0.12999999999999545,0.36,3942.24,19990.6734
002773.SZ,20160905,36.05,36.34,36.04,36.24,36.19,0.05000000000000426,0.14,3853.36,19584.5387
002773.SZ,20160906,36.32,36.59,36.1,36.42,36.24,0.17999999999999972,0.5,5293.47,26988.3558
002773.SZ,20160907,36.34,36.51,36.13,36.19,36.42,-0.23000000000000398,-0.63,3787.99,19280.7196
002773.SZ,20160908,36.25,36.69,36.22,36.59,36.19,0.4000000000000057,1.11,5900.71,30216.3751
002773.SZ,20160909,36.58,36.58,35.99,36.14,36.59,-0.45000000000000284,-1.23,5236.07,26621.0403
002773.SZ,20160912,35.6,35.83,34.57,34.64,36.14,-1.5,-4.15,8319.49,41036.6389
002773.SZ,20160913,35.06,35.39,34.8,35.28,34.64,0.6400000000000006,1.85,6185.7,30402.5874
002773.SZ,20160914,35.27,35.31,34.85,35.05,35.28,-0.23000000000000398,-0.65,4283.47,21018.393
002773.SZ,20160919,35.05,35.31,34.83,35.11,35.05,0.060000000000002274,0.17,2372.61,11686.1875
002773.SZ,20160920,35.28,35.28,34.92,35.25,35.11,0.14000000000000057,0.4,3060.57,15066.4244
002773.SZ,20160921,35.25,35.32,34.92,35.15,35.25,-0.10000000000000142,-0.28,2808.83,13863.1774
002773.SZ,20160922,35.27,35.49,35.06,35.28,35.15,0.13000000000000256,0.37,4622.26,22858.6426
002773.SZ,20160923,35.27,35.43,34.92,35.28,35.28,0.0,0.0,3977.35,19655.381
002773.SZ,20160926,35.28,35.28,34.63,34.72,35.28,-0.5600000000000023,-1.59,5320.28,26052.0833
002773.SZ,20160927,34.67,34.9,34.33,34.7,34.72,-0.01999999999999602,-0.06,2930.96,14204.4937
002773.SZ,20160928,34.57,34.79,34.32,34.33,34.7,-0.37000000000000455,-1.07,2430.5,11779.218
002773.SZ,20160929,34.37,34.7,34.36,34.63,34.33,0.30000000000000426,0.87,2250.46,10910.7969
002773.SZ,20160930,34.35,34.96,34.35,34.78,34.63,0.14999999999999858,0.43,2519.71,12298.8181
002773.SZ,20161010,35.44,37.63,35.4,37.59,34.78,2.8100000000000023,8.08,22852.82,117381.5088
002773.SZ,20161011,37.59,38.11,37.11,37.28,37.59,-0.3100000000000023,-0.82,10485.9,55158.3563
002773.SZ,20161012,37.63,40.98,37.26,40.19,37.28,2.9099999999999966,7.81,34715.34,192700.2264
002773.SZ,20161013,40.19,43.4,40.12,42.17,40.19,1.980000000000004,4.93,34769.24,204949.9833
002773.SZ,20161014,42.17,42.17,40.74,41.02,42.17,-1.1499999999999986,-2.73,20396.5,117689.7271
002773.SZ,20161017,41.08,43.9,40.24,42.33,41.02,1.3099999999999952,3.19,24761.46,145702.9399
002773.SZ,20161018,41.76,42.37,41.54,42.27,42.33,-0.05999999999999517,-0.14,10274.38,60514.888
002773.SZ,20161019,42.27,43.11,41.2,41.47,42.27,-0.8000000000000043,-1.89,8549.07,50419.0554
002773.SZ,20161020,41.9,42.4,40.75,41.05,41.47,-0.4200000000000017,-1.01,10041.3,58126.2034
002773.SZ,20161021,41.03,41.69,40.16,40.7,41.05,-0.3499999999999943,-0.85,13582.06,77944.5578
002773.SZ,20161024,41.53,41.53,39.91,40.19,40.7,-0.5100000000000051,-1.25,17117.44,96855.1354
002773.SZ,20161025,40.19,40.81,39.69,40.35,40.19,0.1600000000000037,0.4,13216.67,74309.3546
002773.SZ,20161026,40.31,40.33,38.48,38.71,40.35,-1.6400000000000006,-4.06,22048.53,121242.2903
002773.SZ,20161027,38.91,39.66,38.91,39.07,38.71,0.35999999999999943,0.93,11056.76,60993.115
002773.SZ,20161028,39.07,39.76,38.76,38.76,39.07,-0.3100000000000023,-0.79,9704.38,53515.9027
002773.SZ,20161031,38.82,41.55,38.82,41.27,38.76,2.510000000000005,6.48,22192.01,125918.005
002773.SZ,20161101,41.05,41.33,40.48,41.19,41.27,-0.0800000000000054,-0.19,12762.08,73223.545
002773.SZ,20161102,40.66,41.32,40.48,40.48,41.19,-0.7100000000000009,-1.72,7827.9,44784.451
002773.SZ,20161103,40.33,40.81,40.14,40.56,40.48,0.0800000000000054,0.2,7238.16,41078.061
002773.SZ,20161104,40.55,40.73,39.32,39.39,40.56,-1.1700000000000017,-2.88,10960.5,61447.55
002773.SZ,20161107,39.33,39.79,39.19,39.27,39.39,-0.11999999999999744,-0.3,5412.32,29966.253
002773.SZ,20161108,39.24,39.78,39.24,39.69,39.27,0.4199999999999946,1.07,4048.25,22499.515
002773.SZ,20161109,39.57,40.05,39.27,39.74,39.69,0.05000000000000426,0.13,7571.31,42246.81
002773.SZ,20161110,40.14,40.33,39.81,40.02,39.74,0.28000000000000114,0.7,5362.83,30185.943
002773.SZ,20161111,39.91,41.33,39.82,41.31,40.02,1.2899999999999991,3.22,14776.53,85083.155
002773.SZ,20161114,41.32,41.51,40.62,40.83,41.31,-0.480000000000004,-1.16,7129.05,40918.471
002773.SZ,20161115,40.83,42.24,40.62,42.11,40.83,1.2800000000000011,3.13,14188.11,83124.604
002773.SZ,20161116,42.37,42.44,41.55,41.72,42.11,-0.39000000000000057,-0.93,11696.96,69148.647
002773.SZ,20161117,41.9,42.74,40.14,40.65,41.72,-1.0700000000000003,-2.56,11141.32,64539.635
002773.SZ,20161118,40.52,40.76,39.89,40.19,40.65,-0.46000000000000085,-1.13,13491.55,76187.327
002773.SZ,20161121,40.16,40.51,39.77,40.35,40.19,0.1600000000000037,0.4,7196.93,40607.241
002773.SZ,20161122,40.36,40.48,40.05,40.24,40.35,-0.10999999999999943,-0.27,6475.77,36521.106
002773.SZ,20161123,40.24,41.2,40.16,40.56,40.24,0.3200000000000003,0.8,7881.53,45029.617
002773.SZ,20161124,40.54,40.75,40.27,40.29,40.56,-0.2700000000000031,-0.67,4832.58,27443.395
002773.SZ,20161125,40.09,40.68,39.98,40.44,40.29,0.14999999999999858,0.37,6095.43,34510.763
002773.SZ,20161128,40.44,40.82,40.09,40.22,40.44,-0.21999999999999886,-0.54,4829.27,27317.186
002773.SZ,20161129,40.14,40.57,39.91,40.46,40.22,0.240000000000002,0.6,6160.34,34820.369
002773.SZ,20161130,40.62,40.62,40.14,40.48,40.46,0.01999999999999602,0.05,4003.44,22691.359
002773.SZ,20161201,40.47,41.67,40.16,41.29,40.48,0.8100000000000023,2.0,8673.29,50087.982
002773.SZ,20161202,41.47,42.83,41.18,41.54,41.29,0.25,0.61,15451.91,91223.87
002773.SZ,20161205,41.35,42.47,40.81,42.23,41.54,0.6899999999999977,1.66,9168.78,53837.009
002773.SZ,20161206,42.76,42.76,41.77,41.93,42.23,-0.29999999999999716,-0.71,8588.33,50786.978
002773.SZ,20161207,41.94,42.67,41.69,42.62,41.93,0.6899999999999977,1.65,10906.27,64794.434
002773.SZ,20161208,42.76,43.1,42.2,42.39,42.62,-0.22999999999999687,-0.54,8615.81,51464.911
002773.SZ,20161209,42.33,42.38,41.2,41.2,42.39,-1.1899999999999977,-2.81,7289.33,42470.882
002773.SZ,20161212,41.13,41.47,39.2,39.27,41.2,-1.9299999999999997,-4.68,11094.01,62442.133
002773.SZ,20161213,39.2,39.55,38.55,39.55,39.27,0.27999999999999403,0.71,7738.83,42524.239
002773.SZ,20161214,39.51,39.51,38.83,39.01,39.55,-0.5399999999999991,-1.37,3389.66,18585.447
002773.SZ,20161215,39.18,39.32,38.5,39.05,39.01,0.03999999999999915,0.1,5013.9,27397.155
002773.SZ,20161216,39.07,39.47,38.61,39.37,39.05,0.3200000000000003,0.82,4107.29,22596.066
002773.SZ,20161219,39.09,40.09,39.09,39.61,39.37,0.240000000000002,0.61,3347.25,18608.402
002773.SZ,20161220,39.8,40.01,39.35,39.84,39.61,0.23000000000000398,0.58,4141.83,23095.695
002773.SZ,20161221,40.09,40.47,39.91,39.99,39.84,0.14999999999999858,0.38,2337.92,13185.295
002773.SZ,20161222,39.99,40.05,39.68,39.87,39.99,-0.12000000000000455,-0.3,1620.24,9062.076
002773.SZ,20161223,40.06,40.42,39.89,40.06,39.87,0.19000000000000483,0.48,2186.87,12289.231
002773.SZ,20161226,39.98,39.98,38.48,39.69,40.06,-0.37000000000000455,-0.92,10245.94,56151.727
002773.SZ,20161227,39.13,39.98,39.13,39.71,39.69,0.020000000000003126,0.05,3131.13,17415.054
002773.SZ,20161228,39.64,39.84,39.19,39.76,39.71,0.04999999999999716,0.13,3251.58,17934.879
002773.SZ,20161229,39.61,39.79,39.07,39.76,39.76,0.0,0.0,3448.46,19092.126
002773.SZ,20161230,39.67,40.48,39.25,40.47,39.76,0.7100000000000009,1.79,5467.19,30603.552
002773.SZ,20170103,40.31,40.41,40.06,40.31,40.47,-0.1599999999999966,-0.4,3236.6,18256.902
002773.SZ,20170104,40.32,40.32,39.91,40.16,40.31,-0.15000000000000568,-0.37,3599.95,20278.913
002773.SZ,20170105,40.12,40.26,39.19,39.39,40.16,-0.769999999999996,-1.92,4309.4,23969.918
002773.SZ,20170106,39.21,39.41,38.85,39.05,39.39,-0.3400000000000034,-0.86,5108.6,28058.888
002773.SZ,20170109,39.04,39.04,38.55,38.83,39.05,-0.21999999999999886,-0.56,5793.72,31530.194
002773.SZ,20170110,38.84,38.85,38.31,38.44,38.83,-0.39000000000000057,-1.0,6561.76,35505.325
002773.SZ,20170111,38.34,38.4,37.2,37.41,38.44,-1.0300000000000011,-2.68,7370.94,39239.187
002773.SZ,20170112,37.38,37.84,37.2,37.21,37.41,-0.19999999999999574,-0.53,4025.72,21200.818
002773.SZ,20170113,37.34,37.46,35.63,35.87,37.21,-1.3400000000000034,-3.6,6808.11,34686.605
002773.SZ,20170116,35.63,35.87,34.33,34.78,35.87,-1.0899999999999963,-3.04,9504.13,46612.196
002773.SZ,20170117,35.13,35.62,34.21,35.22,34.78,0.4399999999999977,1.27,5450.38,26872.471
002773.SZ,20170118,34.93,35.5,34.31,34.88,35.22,-0.3399999999999963,-0.97,10364.56,50344.085
002773.SZ,20170119,34.6,34.65,33.29,33.74,34.88,-1.1400000000000006,-3.27,11581.93,54968.119
002773.SZ,20170120,33.74,34.9,33.51,34.37,33.74,0.6299999999999955,1.87,5813.1,27900.928
002773.SZ,20170123,34.49,35.05,34.21,34.9,34.37,0.5300000000000011,1.54,4623.69,22571.713
002773.SZ,20170124,34.9,34.99,34.28,34.78,34.9,-0.11999999999999744,-0.34,4074.04,19784.252
002773.SZ,20170125,34.79,36.17,34.56,35.64,34.78,0.8599999999999994,2.47,3667.92,18210.655
002773.SZ,20170126,35.67,36.17,35.52,36.07,35.64,0.4299999999999997,1.21,1914.84,9640.203
002773.SZ,20170203,36.07,36.14,35.2,35.42,36.07,-0.6499999999999986,-1.8,2125.7,10567.62
002773.SZ,20170206,35.46,35.91,35.03,35.72,35.42,0.29999999999999716,0.85,3720.87,18644.255
002773.SZ,20170207,35.52,35.87,35.18,35.75,35.72,0.030000000000001137,0.08,3314.3,16540.902
002773.SZ,20170208,35.65,35.98,35.24,35.94,35.75,0.18999999999999773,0.53,3444.92,17193.444
002773.SZ,20170209,35.64,35.83,35.51,35.55,35.94,-0.39000000000000057,-1.09,3596.85,17963.599
002773.SZ,20170210,35.55,35.73,34.78,34.85,35.55,-0.6999999999999957,-1.97,5686.53,28043.434
002773.SZ,20170213,34.85,34.88,34.21,34.41,34.85,-0.44000000000000483,-1.26,9649.13,46612.433
002773.SZ,20170214,34.53,34.56,34.1,34.28,34.41,-0.12999999999999545,-0.38,6667.14,32072.146
002773.SZ,20170215,34.33,34.4,33.24,33.25,34.28,-1.0300000000000011,-3.0,14402.5,67887.154
002773.SZ,20170216,33.2,34.21,32.89,33.77,33.25,0.5200000000000031,1.56,8533.7,40380.967
002773.SZ,20170217,33.53,34.26,33.5,34.12,33.77,0.3499999999999943,1.04,8884.3,42487.896
002773.SZ,20170220,34.15,34.5,32.07,32.62,34.12,-1.5,-4.4,27730.23,128077.781
002773.SZ,20170221,32.62,32.77,32.21,32.73,32.62,0.10999999999999943,0.34,14773.66,67467.204
002773.SZ,20170222,32.73,33.1,32.41,33.1,32.73,0.37000000000000455,1.13,12516.35,57465.452
002773.SZ,20170223,33.21,35.49,33.21,34.67,33.1,1.5700000000000003,4.74,39441.04,191266.133
002773.SZ,20170224,34.92,35.18,33.96,34.21,34.67,-0.46000000000000085,-1.33,21966.28,105419.725
002773.SZ,20170227,34.34,34.34,33.78,33.94,34.21,-0.2700000000000031,-0.79,11731.23,56108.696
002773.SZ,20170228,34.07,34.07,32.77,33.04,33.94,-0.8999999999999986,-2.65,22023.28,102523.792
002773.SZ,20170301,33.14,33.49,32.89,33.49,33.04,0.45000000000000284,1.36,16205.41,75378.882
002773.SZ,20170302,33.42,33.46,33.06,33.42,33.49,-0.07000000000000028,-0.21,7544.05,35217.536
002773.SZ,20170303,33.35,33.35,32.85,33.21,33.42,-0.21000000000000085,-0.63,9314.8,43175.961
002773.SZ,20170306,33.19,33.46,33.1,33.34,33.21,0.13000000000000256,0.39,6879.07,32142.03
002773.SZ,20170307,33.37,33.96,33.37,33.94,33.34,0.5999999999999943,1.8,11232.7,53179.389
002773.SZ,20170308,33.94,34.07,33.66,33.86,33.94,-0.0799999999999983,-0.24,8401.83,39859.64
002773.SZ,20170309,33.86,34.13,33.42,34.03,33.86,0.1700000000000017,0.5,9355.37,44351.958
002773.SZ,20170310,34.03,34.04,33.71,33.88,34.03,-0.14999999999999858,-0.44,4348.65,20663.098
002773.SZ,20170313,33.72,34.06,33.36,33.86,33.88,-0.020000000000003126,-0.06,7392.14,35042.417
002773.SZ,20170314,33.86,33.86,33.52,33.72,33.86,-0.14000000000000057,-0.41,9476.64,44745.002
002773.SZ,20170315,33.54,33.84,33.41,33.44,33.72,-0.28000000000000114,-0.83,6231.8,29345.849
002773.SZ,20170316,33.39,33.66,33.32,33.61,33.44,0.1700000000000017,0.51,4739.37,22308.773
002773.SZ,20170317,33.56,34.11,33.51,33.69,33.61,0.0799999999999983,0.24,7684.04,36459.565
002773.SZ,20170320,33.78,33.78,33.49,33.54,33.69,-0.14999999999999858,-0.45,4451.74,20974.737
002773.SZ,20170321,33.54,33.63,33.28,33.39,33.54,-0.14999999999999858,-0.45,8849.59,41483.653
002773.SZ,20170322,33.32,34.29,33.32,33.91,33.39,0.519999999999996,1.56,11088.7,52768.156
002773.SZ,20170323,33.94,33.98,33.49,33.64,33.91,-0.269999999999996,-0.8,7573.35,35855.299
002773.SZ,20170324,33.64,33.74,33.25,33.42,33.64,-0.21999999999999886,-0.65,10870.21,50977.672
002773.SZ,20170327,33.28,33.58,33.09,33.35,33.42,-0.07000000000000028,-0.21,5475.68,25577.298
002773.SZ,20170328,33.15,33.34,32.34,32.34,33.35,-1.009999999999998,-3.03,14102.2,64770.791
002773.SZ,20170329,32.37,32.68,32.14,32.18,32.34,-0.1600000000000037,-0.49,10147.69,46024.852
002773.SZ,20170330,32.25,32.35,31.36,31.56,32.18,-0.620000000000001,-1.93,9517.93,42249.298
002773.SZ,20170331,31.73,32.03,31.36,31.48,31.56,-0.0799999999999983,-0.25,8441.5,37427.004
002773.SZ,20170405,31.93,32.17,31.57,32.1,31.48,0.620000000000001,1.97,5641.71,25274.75
002773.SZ,20170406,32.14,32.67,31.7,31.81,32.1,-0.2900000000000027,-0.9,12903.26,57903.01
002773.SZ,20170407,31.81,31.9,31.43,31.67,31.81,-0.13999999999999702,-0.44,7933.95,35167.159
002773.SZ,20170410,31.61,31.67,30.13,30.31,31.67,-1.360000000000003,-4.29,15189.22,65525.718
002773.SZ,20170411,30.29,30.64,29.93,30.22,30.31,-0.08999999999999986,-0.3,13012.49,55287.966
002773.SZ,20170412,30.24,30.49,29.89,30.11,30.22,-0.10999999999999943,-0.36,5857.48,24691.105
002773.SZ,20170413,30.12,30.3,29.9,30.14,30.11,0.030000000000001137,0.1,6169.08,26050.992
002773.SZ,20170414,30.14,30.34,29.93,30.29,30.14,0.14999999999999858,0.5,5088.17,21526.332
002773.SZ,20170417,30.36,33.32,30.34,33.32,30.29,3.030000000000001,10.0,30636.66,136700.567
002773.SZ,20170418,33.85,34.41,32.68,33.29,33.32,-0.030000000000001137,-0.09,37122.66,174212.906
002773.SZ,20170419,33.42,33.42,31.43,31.5,33.29,-1.7899999999999991,-5.38,22584.75,101557.192
002773.SZ,20170420,31.81,31.92,30.79,31.01,31.5,-0.48999999999999844,-1.56,13492.93,59078.428
002773.SZ,20170421,31.03,33.14,31.03,31.85,31.01,0.8399999999999999,2.71,17696.12,79846.929
002773.SZ,20170424,31.43,31.57,29.89,30.64,31.85,-1.2100000000000009,-3.8,11970.49,51489.096
002773.SZ,20170425,31.13,32.41,30.85,32.01,30.64,1.3699999999999974,4.47,18508.34,82796.865
002773.SZ,20170426,31.82,32.78,31.82,32.1,32.01,0.09000000000000341,0.28,15255.45,69011.347
002773.SZ,20170427,32.12,32.31,31.0,32.07,32.1,-0.030000000000001137,-0.09,10899.12,48435.942
002773.SZ,20170428,31.99,32.42,31.73,32.26,32.07,0.18999999999999773,0.59,7524.34,33893.484
002773.SZ,20170502,32.28,32.62,31.72,32.36,32.26,0.10000000000000142,0.31,7931.19,35952.861
002773.SZ,20170503,32.36,32.75,32.07,32.67,32.36,0.3100000000000023,0.96,9036.99,41193.231
002773.SZ,20170504,32.5,32.62,32.08,32.08,32.67,-0.5900000000000034,-1.81,5858.03,26547.766
002773.SZ,20170505,32.1,32.25,31.63,31.67,32.08,-0.4099999999999966,-1.28,4780.68,21345.361
002773.SZ,20170508,31.64,31.64,30.47,30.54,31.67,-1.1300000000000026,-3.57,8802.3,38087.091
002773.SZ,20170509,30.5,30.64,30.08,30.43,30.54,-0.10999999999999943,-0.36,4806.13,20474.625
002773.SZ,20170510,30.39,30.86,30.39,30.56,30.43,0.129999999999999,0.43,4303.67,18470.564
002773.SZ,20170511,30.54,30.91,29.97,30.8,30.56,0.240000000000002,0.79,7796.53,33374.962
002773.SZ,20170512,30.71,31.21,30.36,31.21,30.8,0.41000000000000014,1.33,5309.58,22963.17
002773.SZ,20170515,31.23,31.64,31.07,31.25,31.21,0.03999999999999915,0.13,5219.66,22971.12
002773.SZ,20170516,31.43,31.73,31.0,31.61,31.25,0.35999999999999943,1.15,4486.27,19756.053
002773.SZ,20170517,31.61,31.85,31.41,31.45,31.61,-0.16000000000000014,-0.51,6437.1,28532.079
002773.SZ,20170518,31.23,31.78,31.23,31.51,31.45,0.060000000000002274,0.19,4549.46,20116.609
002773.SZ,20170519,31.7,31.7,31.03,31.21,31.51,-0.3000000000000007,-0.95,4823.0,21128.086
002773.SZ,20170522,31.21,31.67,30.94,31.5,31.21,0.28999999999999915,0.93,6503.57,28621.915
002773.SZ,20170523,31.5,31.93,30.67,31.68,31.5,0.17999999999999972,0.57,7416.2,32493.383
002773.SZ,20170524,31.76,31.78,30.94,31.69,31.68,0.010000000000001563,0.03,9490.04,41891.519
002773.SZ,20170525,31.63,32.35,31.44,32.27,31.69,0.5800000000000018,1.83,8599.43,38583.736
002773.SZ,20170526,32.27,32.6,32.19,32.52,32.27,0.25,0.77,6782.28,30855.523
002773.SZ,20170531,32.64,33.14,31.86,32.28,32.52,-0.240000000000002,-0.74,9708.24,44416.373
002773.SZ,20170601,32.28,32.81,31.92,32.1,32.28,-0.17999999999999972,-0.56,5935.0,26917.955
002773.SZ,20170602,32.03,33.03,31.59,33.02,32.1,0.9200000000000017,2.87,8517.99,38369.958
002773.SZ,20170605,33.03,33.15,32.17,32.39,33.02,-0.6300000000000026,-1.91,10189.77,46483.717
002773.SZ,20170606,32.35,32.93,32.2,32.83,32.39,0.4399999999999977,1.36,5288.92,24152.39
002773.SZ,20170607,32.83,33.5,32.79,33.12,32.83,0.28999999999999915,0.88,12488.02,58078.103
002773.SZ,20170608,33.23,33.43,32.92,33.21,33.12,0.09000000000000341,0.27,5524.9,25652.805
002773.SZ,20170609,33.18,33.38,32.7,32.88,33.21,-0.3299999999999983,-0.99,7125.75,32803.328
002773.SZ,20170612,32.68,32.69,32.11,32.17,32.88,-0.7100000000000009,-2.16,10785.76,48698.268
002773.SZ,20170613,32.12,32.5,31.96,32.22,32.17,0.04999999999999716,0.16,9833.61,44386.432
002773.SZ,20170614,32.22,32.46,31.62,31.77,32.22,-0.4499999999999993,-1.4,9154.49,40989.611
002773.SZ,20170615,31.82,32.38,31.7,32.29,31.77,0.5199999999999996,1.64,11658.92,52213.203
002773.SZ,20170616,32.29,32.38,31.81,31.82,32.29,-0.46999999999999886,-1.46,9357.38,41988.537
002773.SZ,20170619,32.16,33.75,31.46,33.65,31.82,1.8299999999999983,5.75,27301.22,126555.882
002773.SZ,20170620,33.97,34.46,33.53,34.35,33.65,0.7000000000000028,2.08,31021.9,148120.115
002773.SZ,20170621,34.31,35.04,33.68,34.02,34.35,-0.3299999999999983,-0.96,24075.73,116042.753
002773.SZ,20170622,34.26,35.08,34.06,34.72,34.02,0.6999999999999957,2.06,16764.38,81058.506
002773.SZ,20170623,35.03,35.51,34.46,34.93,34.72,0.21000000000000085,0.6,17771.05,87045.558
002773.SZ,20170626,35.39,35.39,34.61,34.73,34.93,-0.20000000000000284,-0.57,10852.92,52932.268
002773.SZ,20170627,34.73,35.36,34.68,35.11,34.73,0.38000000000000256,1.09,7104.86,34858.553
002773.SZ,20170628,35.03,35.3,34.88,35.27,35.11,0.1600000000000037,0.46,7349.25,36123.365
002773.SZ,20170629,35.18,35.18,34.36,34.53,35.27,-0.740000000000002,-2.1,8677.78,42071.497
002773.SZ,20170630,34.32,37.89,34.18,37.39,34.53,2.8599999999999994,8.28,24393.2,122596.406
002773.SZ,20170703,37.39,37.54,36.7,37.25,37.39,-0.14000000000000057,-0.37,11553.08,59866.022
002773.SZ,20170704,37.17,37.18,36.15,36.22,37.25,-1.0300000000000011,-2.77,11579.14,58962.916
002773.SZ,20170705,36.39,37.22,36.33,37.04,36.22,0.8200000000000003,2.26,6572.24,33809.704
002773.SZ,20170706,37.04,38.25,36.7,38.18,37.04,1.1400000000000006,3.08,11348.99,59673.738
002773.SZ,20170707,38.1,38.1,37.21,37.5,38.18,-0.6799999999999997,-1.78,7072.98,37035.817
002773.SZ,20170710,37.5,37.57,36.46,36.75,37.5,-0.75,-2.0,7344.94,37851.822
002773.SZ,20170711,36.75,37.15,35.61,35.65,36.75,-1.1000000000000014,-2.99,10563.42,53480.644
002773.SZ,20170712,35.85,36.16,35.54,36.12,35.65,0.46999999999999886,1.32,5326.3,26695.74
002773.SZ,20170713,36.12,36.23,35.84,36.07,36.12,-0.04999999999999716,-0.14,2898.19,14619.058
002773.SZ,20170714,36.09,36.24,35.6,35.68,36.07,-0.39000000000000057,-1.08,4856.69,24313.132
002773.SZ,20170717,35.84,35.84,32.95,33.71,35.68,-1.9699999999999989,-5.52,9211.76,44090.342
002773.SZ,20170718,33.64,34.65,33.64,34.44,33.71,0.7299999999999969,2.17,11262.7,53699.162
002773.SZ,20170719,34.32,37.75,34.18,36.71,34.44,2.270000000000003,6.59,22668.69,115627.728
002773.SZ,20170720,36.87,37.44,36.36,36.47,36.71,-0.240000000000002,-0.65,9965.17,51217.132
002773.SZ,20170721,36.49,36.84,35.54,35.69,36.47,-0.7800000000000011,-2.14,7182.29,36042.813
002773.SZ,20170724,35.76,36.55,35.27,36.51,35.69,0.8200000000000003,2.3,8223.74,41456.915
002773.SZ,20170725,36.51,36.71,36.18,36.22,36.51,-0.28999999999999915,-0.79,4437.62,22538.993
002773.SZ,20170726,36.09,36.22,35.04,35.75,36.22,-0.46999999999999886,-1.3,8422.16,41895.147
002773.SZ,20170727,35.73,35.86,35.38,35.78,35.75,0.030000000000001137,0.08,5430.14,27047.054
002773.SZ,20170728,35.77,35.95,35.16,35.39,35.78,-0.39000000000000057,-1.09,5029.11,24885.711
002773.SZ,20170731,35.39,35.39,34.95,35.1,35.39,-0.28999999999999915,-0.82,4543.47,22294.805
002773.SZ,20170801,35.1,35.81,34.93,35.74,35.1,0.6400000000000006,1.82,6462.02,32056.994
002773.SZ,20170802,35.96,35.96,35.36,35.38,35.74,-0.35999999999999943,-1.01,3247.66,16167.173
002773.SZ,20170803,35.66,35.88,35.18,35.5,35.38,0.11999999999999744,0.34,4162.14,20734.971
002773.SZ,20170804,35.65,36.61,35.5,35.89,35.5,0.39000000000000057,1.1,11195.62,56462.702
002773.SZ,20170807,35.76,36.51,35.61,36.44,35.89,0.5499999999999972,1.53,6925.0,35020.807
002773.SZ,20170808,36.44,36.61,36.11,36.27,36.44,-0.1699999999999946,-0.47,3744.73,19016.294
002773.SZ,20170809,36.39,37.24,36.39,37.18,36.27,0.9099999999999966,2.51,11434.65,59224.058
002773.SZ,20170810,37.18,37.27,36.57,37.12,37.18,-0.060000000000002274,-0.16,7118.54,36811.217
002773.SZ,20170811,36.72,37.14,36.51,36.8,37.12,-0.3200000000000003,-0.86,5544.08,28660.432
002773.SZ,20170814,36.81,37.24,36.54,37.04,36.8,0.240000000000002,0.65,5052.89,26144.602
002773.SZ,20170815,36.97,37.42,36.54,36.63,37.04,-0.4099999999999966,-1.11,3318.38,17092.834
002773.SZ,20170816,36.67,36.94,36.17,36.94,36.63,0.30999999999999517,0.85,5027.8,25690.008
002773.SZ,20170817,37.04,37.89,36.73,37.87,36.94,0.9299999999999997,2.52,12572.91,66318.289
002773.SZ,20170818,37.69,38.6,37.2,37.21,37.87,-0.6599999999999966,-1.74,7562.95,40110.678
002773.SZ,20170821,37.8,37.82,37.09,37.82,37.21,0.6099999999999994,1.64,4155.78,21799.046
002773.SZ,20170822,37.64,38.45,37.64,37.93,37.82,0.10999999999999943,0.29,5885.21,31374.131
002773.SZ,20170823,37.82,38.04,36.46,36.92,37.93,-1.009999999999998,-2.66,13736.18,71028.105
002773.SZ,20170824,37.09,37.09,36.11,36.18,36.92,-0.740000000000002,-2.0,7806.72,39752.276
002773.SZ,20170825,36.31,37.11,35.75,37.11,36.18,0.9299999999999997,2.57,4868.61,24751.195
002773.SZ,20170828,36.81,37.11,36.19,36.9,37.11,-0.21000000000000085,-0.57,5234.29,26946.429
002773.SZ,20170829,36.93,37.17,36.65,36.93,36.9,0.030000000000001137,0.08,3101.09,16016.342
002773.SZ,20170830,36.97,37.54,36.79,37.28,36.93,0.3500000000000014,0.95,5821.27,30320.501
002773.SZ,20170831,37.59,37.59,37.2,37.28,37.28,0.0,0.0,5441.93,28407.387
002773.SZ,20170901,37.47,37.49,36.47,37.24,37.28,-0.03999999999999915,-0.11,7815.07,40722.836
002773.SZ,20170904,37.11,37.14,36.46,36.67,37.24,-0.5700000000000003,-1.53,6832.79,35045.597
002773.SZ,20170905,36.59,36.89,36.49,36.83,36.67,0.1599999999999966,0.44,6134.94,31518.023
002773.SZ,20170906,36.94,37.39,36.61,37.32,36.83,0.490000000000002,1.33,6617.65,34173.718
002773.SZ,20170907,37.32,37.54,36.81,36.81,37.32,-0.509999999999998,-1.37,7185.0,37346.307
002773.SZ,20170908,36.7,37.28,36.46,37.17,36.81,0.35999999999999943,0.98,4919.63,25408.824
002773.SZ,20170911,37.11,37.32,36.82,37.04,37.17,-0.13000000000000256,-0.35,6118.5,31603.571
002773.SZ,20170912,37.05,37.17,35.81,36.27,37.04,-0.769999999999996,-2.08,11310.97,57412.251
002773.SZ,20170913,36.22,36.46,35.89,35.99,36.27,-0.28000000000000114,-0.77,4517.5,22822.395
002773.SZ,20170914,35.99,36.18,35.79,35.85,35.99,-0.14000000000000057,-0.39,3256.0,16337.559
002773.SZ,20170915,36.04,36.61,35.43,35.53,35.85,-0.3200000000000003,-0.89,9134.0,45822.011
002773.SZ,20170918,35.53,35.89,35.03,35.68,35.53,0.14999999999999858,0.42,9268.37,46014.526
002773.SZ,20170919,35.39,35.67,34.87,35.24,35.68,-0.4399999999999977,-1.23,10360.27,51032.419
002773.SZ,20170920,35.07,35.98,35.07,35.81,35.24,0.5700000000000003,1.62,4510.34,22455.568
002773.SZ,20170921,35.77,35.77,35.25,35.44,35.81,-0.37000000000000455,-1.03,2057.0,10207.53
002773.SZ,20170922,35.54,36.27,35.54,36.05,35.44,0.6099999999999994,1.72,7423.42,37429.27
002773.SZ,20170925,36.25,36.8,35.86,36.64,36.05,0.5900000000000034,1.64,14190.11,72383.818
002773.SZ,20170926,36.59,36.89,36.32,36.42,36.64,-0.21999999999999886,-0.6,5351.34,27292.679
002773.SZ,20170927,36.71,36.82,35.76,36.46,36.42,0.03999999999999915,0.11,4133.52,20957.723
002773.SZ,20170928,37.89,37.89,36.47,37.19,36.46,0.7299999999999969,2.0,9283.47,48194.017
002773.SZ,20170929,37.19,37.43,36.9,37.17,37.19,-0.01999999999999602,-0.05,3659.09,18993.613
002773.SZ,20171009,37.19,37.52,36.97,37.42,37.17,0.25,0.67,5233.94,27239.856
002773.SZ,20171010,37.4,39.33,36.47,38.55,37.42,1.1299999999999955,3.02,21730.45,116438.908
002773.SZ,20171011,38.55,40.1,38.55,39.83,38.55,1.2800000000000011,3.32,23273.97,129009.622
002773.SZ,20171012,39.72,40.49,38.97,40.04,39.83,0.21000000000000085,0.53,11101.89,62116.725
002773.SZ,20171013,39.58,40.44,39.58,40.1,40.04,0.060000000000002274,0.15,9009.98,50469.125
002773.SZ,20171016,40.39,40.75,39.61,39.96,40.1,-0.14000000000000057,-0.35,8283.29,46614.436
002773.SZ,20171017,39.83,39.83,39.18,39.3,39.96,-0.6600000000000037,-1.65,8134.84,44756.693
002773.SZ,20171018,39.61,40.04,39.6,40.04,39.3,0.740000000000002,1.88,6381.95,35616.006
002773.SZ,20171019,40.04,40.73,39.8,40.48,40.04,0.4399999999999977,1.1,6471.46,36593.618
002773.SZ,20171020,40.55,40.74,39.47,40.27,40.48,-0.20999999999999375,-0.52,3487.47,19666.082
002773.SZ,20171023,40.33,42.54,40.29,41.92,40.27,1.6499999999999986,4.1,17805.56,103583.211
002773.SZ,20171024,41.88,44.68,41.88,43.26,41.92,1.3399999999999963,3.2,19913.9,120537.783
002773.SZ,20171025,43.28,44.32,42.76,44.12,43.26,0.8599999999999994,1.99,11803.87,72501.807
002773.SZ,20171026,44.03,44.52,43.19,43.44,44.12,-0.6799999999999997,-1.54,8197.0,50086.241
002773.SZ,20171027,43.76,45.23,42.97,45.19,43.44,1.75,4.03,19356.55,120489.436
002773.SZ,20171030,45.04,45.45,43.69,44.48,45.19,-0.7100000000000009,-1.57,11723.24,72426.728
002773.SZ,20171031,44.48,44.64,42.76,43.51,44.48,-0.9699999999999989,-2.18,12440.78,75262.943
002773.SZ,20171101,43.53,43.97,42.66,43.61,43.51,0.10000000000000142,0.23,11208.47,67793.311
002773.SZ,20171102,43.58,45.24,42.59,45.07,43.61,1.4600000000000009,3.35,14841.77,91747.162
002773.SZ,20171103,45.32,46.76,44.62,46.39,45.07,1.3200000000000003,2.93,16488.52,106387.975
002773.SZ,20171106,46.49,50.16,45.91,50.12,46.39,3.729999999999997,8.04,23675.71,161454.604
002773.SZ,20171107,49.34,50.34,47.9,48.26,50.12,-1.8599999999999994,-3.71,22630.53,153899.55
002773.SZ,20171108,48.41,48.48,46.83,47.19,48.26,-1.0700000000000003,-2.22,19136.67,127252.018
002773.SZ,20171109,47.08,48.38,46.52,48.0,47.19,0.8100000000000023,1.72,13912.89,91797.793
002773.SZ,20171110,47.19,48.89,46.84,47.97,48.0,-0.030000000000001137,-0.06,10893.59,73021.266
002773.SZ,20171113,47.99,48.71,46.83,47.64,47.97,-0.3299999999999983,-0.69,11823.1,78874.977
002773.SZ,20171114,47.25,47.61,45.93,46.68,47.64,-0.9600000000000009,-2.02,13616.67,88631.254
002773.SZ,20171115,46.16,47.15,46.16,47.11,46.68,0.4299999999999997,0.92,7942.28,51921.357
002773.SZ,20171116,47.13,47.73,45.68,47.59,47.11,0.480000000000004,1.02,8104.91,53088.115
002773.SZ,20171117,47.59,47.66,45.48,45.48,47.59,-2.1100000000000065,-4.43,10389.5,67237.181
002773.SZ,20171120,45.42,46.65,43.97,46.15,45.48,0.6700000000000017,1.47,7802.47,49496.0
002773.SZ,20171121,46.02,46.83,44.33,45.04,46.15,-1.1099999999999994,-2.41,16774.62,105658.481
002773.SZ,20171122,45.19,47.05,45.19,46.35,45.04,1.3100000000000023,2.91,10506.03,67958.642
002773.SZ,20171123,46.33,46.33,43.67,44.76,46.35,-1.5900000000000034,-3.43,9471.48,59149.66
002773.SZ,20171124,44.46,44.97,43.87,44.18,44.76,-0.5799999999999983,-1.3,3805.34,23535.62
002773.SZ,20171127,44.22,44.52,42.9,43.04,44.18,-1.1400000000000006,-2.58,3608.62,21792.523
002773.SZ,20171128,43.04,43.74,42.64,43.6,43.04,0.5600000000000023,1.3,3019.12,18251.64
002773.SZ,20171129,43.6,43.97,42.9,43.81,43.6,0.21000000000000085,0.48,3814.88,23100.703
002773.SZ,20171130,43.84,44.11,43.13,43.98,43.81,0.1699999999999946,0.39,3905.5,23910.481
002773.SZ,20171201,43.92,45.37,43.62,44.98,43.98,1.0,2.27,6480.58,40703.593
002773.SZ,20171204,45.26,45.52,44.49,44.55,44.98,-0.4299999999999997,-0.96,3802.5,23942.232
002773.SZ,20171205,44.55,45.13,41.68,42.52,44.55,-2.029999999999994,-4.56,8692.6,52818.777
002773.SZ,20171206,42.9,42.9,39.26,40.75,42.52,-1.7700000000000031,-4.16,17648.03,100205.475
002773.SZ,20171207,40.5,41.36,40.28,40.94,40.75,0.18999999999999773,0.47,10910.5,62025.705
002773.SZ,20171208,40.97,43.25,40.97,42.19,40.94,1.25,3.05,12200.9,72373.17
002773.SZ,20171211,42.07,43.95,41.87,43.87,42.19,1.6799999999999997,3.98,13152.71,79932.762
002773.SZ,20171212,43.83,44.32,42.97,43.75,43.87,-0.11999999999999744,-0.27,7112.24,43450.562
002773.SZ,20171213,43.61,43.87,42.9,43.61,43.75,-0.14000000000000057,-0.32,7973.9,48263.078
002773.SZ,20171214,43.12,44.82,43.12,44.8,43.61,1.1899999999999977,2.73,10665.94,66074.532
002773.SZ,20171215,44.74,45.03,44.21,44.42,44.8,-0.37999999999999545,-0.85,5666.1,35173.965
002773.SZ,20171218,44.82,44.82,43.72,44.04,44.42,-0.38000000000000256,-0.86,4581.85,28240.581
002773.SZ,20171219,43.72,44.63,43.72,44.32,44.04,0.28000000000000114,0.64,4144.57,25674.995
002773.SZ,20171220,44.69,44.69,44.05,44.32,44.32,0.0,0.0,2974.4,18403.169
002773.SZ,20171221,44.32,45.33,43.67,44.47,44.32,0.14999999999999858,0.34,8695.67,54248.583
002773.SZ,20171222,44.47,44.68,44.05,44.49,44.47,0.020000000000003126,0.04,3955.09,24559.443
002773.SZ,20171225,44.49,46.47,44.12,45.9,44.49,1.4099999999999966,3.17,11093.99,71107.984
002773.SZ,20171226,45.75,46.1,44.76,45.69,45.9,-0.21000000000000085,-0.46,7882.97,50106.564
002773.SZ,20171227,45.3,45.67,42.84,44.18,45.69,-1.509999999999998,-3.3,13956.88,86016.049
002773.SZ,20171228,43.94,44.06,42.89,44.03,44.18,-0.14999999999999858,-0.34,11480.89,69765.349
002773.SZ,20171229,46.12,46.12,43.29,44.1,44.03,0.07000000000000028,0.16,8387.0,51791.067
002773.SZ,20180102,44.09,44.11,42.1,42.36,44.1,-1.740000000000002,-3.95,14702.01,88087.016
002773.SZ,20180103,42.36,42.9,42.36,42.61,42.36,0.25,0.59,9042.88,53946.661
002773.SZ,20180104,42.61,43.54,42.44,43.43,42.61,0.8200000000000003,1.92,9120.57,54916.864
002773.SZ,20180105,43.41,43.41,42.54,42.59,43.43,-0.8399999999999963,-1.93,5074.88,30398.159
002773.SZ,20180108,42.54,42.54,40.75,41.76,42.59,-0.8300000000000054,-1.95,11440.94,66233.525
002773.SZ,20180109,41.47,42.38,41.18,42.36,41.76,0.6000000000000014,1.44,5673.75,33275.098
002773.SZ,20180110,42.18,42.25,40.88,41.05,42.36,-1.3100000000000023,-3.09,7425.96,42809.45
002773.SZ,20180111,41.05,41.76,40.61,41.59,41.05,0.5400000000000063,1.32,3764.0,21726.793
002773.SZ,20180112,41.4,41.55,40.49,40.58,41.59,-1.0100000000000051,-2.43,8842.57,50400.689
002773.SZ,20180115,40.72,40.72,38.28,38.54,40.58,-2.039999999999999,-5.03,18712.04,102667.126
002773.SZ,20180116,38.52,38.82,38.26,38.78,38.54,0.240000000000002,0.62,8853.59,47824.568
002773.SZ,20180117,38.52,39.1,37.54,38.88,38.78,0.10000000000000142,0.26,9960.5,53343.163
002773.SZ,20180118,38.93,40.03,38.78,39.63,38.88,0.75,1.93,9623.85,53400.309
002773.SZ,20180119,39.64,39.95,39.33,39.75,39.63,0.11999999999999744,0.3,4449.79,24629.276
002773.SZ,20180122,39.75,39.75,38.47,38.61,39.75,-1.1400000000000006,-2.87,13211.55,71786.009
002773.SZ,20180123,38.97,39.79,38.54,39.08,38.61,0.46999999999999886,1.22,6673.8,36644.224
002773.SZ,20180124,39.09,39.86,38.67,39.73,39.08,0.6499999999999986,1.66,5695.5,31516.44
002773.SZ,20180125,39.75,40.43,39.22,40.33,39.73,0.6000000000000014,1.51,9671.03,53869.509
002773.SZ,20180126,40.31,40.36,39.1,39.68,40.33,-0.6499999999999986,-1.61,5402.01,30024.65
002773.SZ,20180129,39.57,39.57,38.18,38.51,39.68,-1.1700000000000017,-2.95,5221.55,28336.834
002773.SZ,20180130,38.52,38.65,37.08,37.18,38.51,-1.3299999999999983,-3.45,11338.06,59460.062
002773.SZ,20180131,37.1,37.52,36.63,37.22,37.18,0.03999999999999915,0.11,5298.65,27464.487
002773.SZ,20180201,37.22,37.39,35.57,35.94,37.22,-1.2800000000000011,-3.44,9643.33,49040.825
002773.SZ,20180202,35.93,35.93,34.32,34.67,35.94,-1.269999999999996,-3.53,13909.0,68247.408
002773.SZ,20180205,34.67,35.03,33.69,34.43,34.67,-0.240000000000002,-0.69,13856.65,66659.565
002773.SZ,20180206,34.06,34.37,32.21,32.4,34.43,-2.030000000000001,-5.9,14628.78,67602.971
002773.SZ,20180207,32.6,33.56,31.84,32.19,32.4,-0.21000000000000085,-0.65,11302.08,51532.517
002773.SZ,20180208,32.17,33.03,31.46,32.6,32.19,0.4100000000000037,1.27,10811.97,49056.74
002773.SZ,20180209,32.02,32.45,30.91,31.72,32.6,-0.8800000000000026,-2.7,10909.37,48345.966
002773.SZ,20180212,31.85,32.96,31.85,32.74,31.72,1.0200000000000031,3.22,12680.93,57635.876
002773.SZ,20180213,32.95,33.94,32.59,33.86,32.74,1.1199999999999974,3.42,11475.72,53632.453
002773.SZ,20180214,34.1,34.1,32.76,32.88,33.86,-0.9799999999999969,-2.89,13439.66,62031.357
002773.SZ,20180222,33.07,33.6,32.63,33.38,32.88,0.5,1.52,8148.67,37879.342
002773.SZ,20180223,33.52,33.52,33.0,33.28,33.38,-0.10000000000000142,-0.3,3701.09,17174.79
002773.SZ,20180226,33.58,34.99,33.25,34.32,33.28,1.0399999999999991,3.12,14347.22,68703.727
002773.SZ,20180227,33.98,35.47,33.97,35.32,34.32,1.0,2.91,20437.81,99648.66
002773.SZ,20180228,35.26,35.64,33.96,34.45,35.32,-0.8699999999999974,-2.46,17136.13,83105.635
002773.SZ,20180301,34.31,34.45,33.6,34.03,34.45,-0.4200000000000017,-1.22,18337.25,87192.035
002773.SZ,20180302,33.65,33.97,33.48,33.5,34.03,-0.5300000000000011,-1.56,9239.0,43517.893
002773.SZ,20180305,33.89,35.01,33.65,34.82,33.5,1.3200000000000003,3.94,16090.93,77451.19
002773.SZ,20180306,34.69,38.16,34.38,37.0,34.82,2.1799999999999997,6.26,36242.87,186106.281
002773.SZ,20180307,36.98,37.82,36.98,37.41,37.0,0.4099999999999966,1.11,21872.47,114549.769
002773.SZ,20180308,37.32,38.74,37.15,38.02,37.41,0.6100000000000065,1.63,21537.39,115128.161
002773.SZ,20180309,38.18,38.84,37.54,38.58,38.02,0.5599999999999952,1.47,15457.66,82425.293
002773.SZ,20180312,38.61,40.47,38.42,40.33,38.58,1.75,4.54,22265.32,123497.593
002773.SZ,20180313,40.0,40.0,39.0,39.5,40.33,-0.8299999999999983,-2.06,12105.07,66882.272
002773.SZ,20180314,39.11,39.88,38.97,39.0,39.5,-0.5,-1.27,6655.5,36681.69
002773.SZ,20180315,38.93,39.3,38.18,38.93,39.0,-0.07000000000000028,-0.18,6162.11,33340.25
002773.SZ,20180316,39.08,40.51,39.08,39.9,38.93,0.9699999999999989,2.49,14092.04,79068.118
002773.SZ,20180319,39.83,41.01,39.68,40.98,39.9,1.0799999999999983,2.71,14124.64,80261.074
002773.SZ,20180320,40.54,43.13,40.42,42.71,40.98,1.730000000000004,4.22,22268.95,131362.862
002773.SZ,20180321,42.46,42.71,41.11,41.12,42.71,-1.5900000000000034,-3.72,15310.75,89087.534
002773.SZ,20180322,41.12,41.26,39.11,39.29,41.12,-1.8299999999999983,-4.45,17923.0,99536.642
002773.SZ,20180323,37.64,39.83,37.38,38.31,39.29,-0.9799999999999969,-2.49,18858.26,101757.62
002773.SZ,20180326,38.22,40.24,37.18,39.54,38.31,1.2299999999999969,3.21,19326.87,106388.221
002773.SZ,20180327,39.61,41.43,39.61,41.11,39.54,1.5700000000000003,3.97,20834.09,119024.137
002773.SZ,20180328,40.75,41.01,39.04,39.47,41.11,-1.6400000000000006,-3.99,14016.17,78244.141
002773.SZ,20180329,39.5,40.02,38.54,38.9,39.47,-0.5700000000000003,-1.44,12155.0,66554.969
002773.SZ,20180330,38.9,42.79,38.9,42.79,38.9,3.8900000000000006,10.0,38278.58,224629.261
002773.SZ,20180402,42.77,44.96,42.33,43.83,42.79,1.0399999999999991,2.43,28815.23,175875.611
002773.SZ,20180403,43.13,43.83,42.63,43.54,43.83,-0.28999999999999915,-0.66,14138.01,85466.146
002773.SZ,20180404,44.29,46.32,42.08,42.18,43.54,-1.3599999999999994,-3.12,18950.32,117051.353
002773.SZ,20180409,42.24,43.59,41.12,43.38,42.18,1.2000000000000028,2.84,10321.11,61675.911
002773.SZ,20180410,42.61,43.29,41.54,42.28,43.38,-1.1000000000000014,-2.54,10663.66,63519.89
002773.SZ,20180411,42.49,43.89,42.19,43.03,42.28,0.75,1.77,12105.9,72864.774
002773.SZ,20180412,42.9,43.83,42.28,42.97,43.03,-0.060000000000002274,-0.14,8317.5,50230.933
002773.SZ,20180413,43.64,44.77,41.4,41.94,42.97,-1.0300000000000011,-2.4,15050.8,89873.268
002773.SZ,20180416,42.1,42.18,40.18,41.03,41.94,-0.9099999999999966,-2.17,14100.48,80249.697
002773.SZ,20180417,41.03,41.79,40.09,40.18,41.03,-0.8500000000000014,-2.07,9126.62,52423.559
002773.SZ,20180418,40.32,40.83,38.22,39.96,40.18,-0.21999999999999886,-0.55,13195.73,72673.01
002773.SZ,20180419,39.9,41.41,39.48,40.73,39.96,0.769999999999996,1.93,12193.61,69672.84
002773.SZ,20180420,40.53,41.78,39.96,40.58,40.73,-0.14999999999999858,-0.37,11792.45,67401.861
002773.SZ,20180423,40.04,40.27,37.65,38.44,40.58,-2.1400000000000006,-5.27,16194.5,87581.783
002773.SZ,20180424,38.44,39.31,38.35,39.05,38.44,0.6099999999999994,1.59,14486.21,78629.702
002773.SZ,20180425,39.07,42.12,38.79,41.9,39.05,2.8500000000000014,7.3,19904.28,113487.503
002773.SZ,20180426,41.83,41.83,40.17,40.17,41.9,-1.7299999999999969,-4.13,14664.5,83811.214
002773.SZ,20180427,40.66,42.89,39.76,40.91,40.17,0.7399999999999949,1.84,29938.59,174143.106
002773.SZ,20180502,41.93,42.35,41.18,42.22,40.91,1.3100000000000023,3.2,17861.55,104591.812
002773.SZ,20180503,42.08,42.1,40.04,40.83,42.22,-1.3900000000000006,-3.29,16450.45,94022.259
002773.SZ,20180504,40.83,41.4,39.98,40.9,40.83,0.07000000000000028,0.17,18753.28,106925.164
002773.SZ,20180507,40.89,41.29,40.67,41.08,40.9,0.17999999999999972,0.44,23096.93,132097.94
002773.SZ,20180508,40.97,42.45,40.97,42.22,41.08,1.1400000000000006,2.78,22388.98,131561.036
002773.SZ,20180509,42.08,42.17,41.18,41.65,42.22,-0.5700000000000003,-1.35,13130.2,76118.44
002773.SZ,20180510,41.47,41.98,40.4,41.13,41.65,-0.519999999999996,-1.25,21868.14,125550.834
002773.SZ,20180511,41.22,42.04,40.28,40.31,41.13,-0.8200000000000003,-1.99,23770.84,136369.172
002773.SZ,20180514,40.05,40.05,37.93,39.18,40.31,-1.1300000000000026,-2.8,29792.29,161040.392
002773.SZ,20180515,39.11,39.18,38.36,38.96,39.18,-0.21999999999999886,-0.56,23883.48,128989.194
002773.SZ,20180516,38.79,40.18,38.56,40.04,38.96,1.0799999999999983,2.77,26146.2,144702.36
002773.SZ,20180517,39.9,40.47,37.85,38.15,40.04,-1.8900000000000006,-4.72,31431.97,169988.227
002773.SZ,20180518,38.06,38.52,36.87,37.79,38.15,-0.35999999999999943,-0.94,17348.36,91288.76
002773.SZ,20180521,37.79,38.14,37.19,37.37,37.79,-0.4200000000000017,-1.11,16376.34,86129.145
002773.SZ,20180522,37.37,39.54,37.37,39.4,37.37,2.030000000000001,5.43,45874.32,250364.71
002773.SZ,20180523,39.97,40.92,39.33,39.37,39.4,-0.030000000000001137,-0.08,33084.7,185543.839
002773.SZ,20180524,39.53,40.99,39.45,40.75,39.37,1.3800000000000026,3.51,26936.33,152641.896
002773.SZ,20180525,40.7,44.12,40.4,42.54,40.75,1.7899999999999991,4.39,46581.52,275975.008
002773.SZ,20180528,43.33,45.69,43.33,44.33,42.54,1.7899999999999991,4.21,51831.61,323591.015
002773.SZ,20180529,44.12,44.88,42.12,42.18,44.33,-2.1499999999999986,-4.85,40595.77,248759.071
002773.SZ,20180530,41.85,44.74,41.85,43.21,42.18,1.0300000000000011,2.44,47384.85,291098.105
002773.SZ,20180531,44.27,44.33,42.4,43.24,43.21,0.030000000000001137,0.07,25156.19,152614.31
002773.SZ,20180601,43.33,43.84,40.63,41.18,43.24,-2.0600000000000023,-4.76,32432.4,189238.68
002773.SZ,20180604,41.48,41.8,38.46,38.7,41.18,-2.479999999999997,-6.02,33867.69,187247.765
002773.SZ,20180605,38.78,40.04,38.78,39.42,38.7,0.7199999999999989,1.86,23846.02,131463.08
002773.SZ,20180606,39.54,40.67,39.5,40.2,39.42,0.7800000000000011,1.98,22334.02,125498.706
002773.SZ,20180607,40.43,40.75,39.21,39.5,40.2,-0.7000000000000028,-1.74,17630.3,98539.741
002773.SZ,20180608,39.25,39.83,38.11,39.68,39.5,0.17999999999999972,0.46,27109.4,147898.927
002773.SZ,20180611,39.38,39.38,37.15,37.95,39.69,-1.7399999999999949,-4.38,40291.89,211131.426
002773.SZ,20180612,37.95,38.81,37.52,38.53,37.95,0.5799999999999983,1.53,22374.15,119443.789
002773.SZ,20180613,38.52,39.07,38.12,38.25,38.53,-0.28000000000000114,-0.73,18173.05,97624.502
002773.SZ,20180614,38.25,39.43,38.1,38.81,38.25,0.5600000000000023,1.46,14308.04,77475.179
002773.SZ,20180615,38.99,38.99,37.74,38.3,38.81,-0.5100000000000051,-1.31,11314.91,60154.723
002773.SZ,20180619,37.71,38.58,36.66,37.22,38.3,-1.0799999999999983,-2.82,12344.87,64446.071
002773.SZ,20180620,37.37,37.61,34.56,35.94,37.22,-1.2800000000000011,-3.44,38135.38,189623.099
002773.SZ,20180621,35.34,36.67,35.34,35.72,35.94,-0.21999999999999886,-0.61,12772.97,64358.865
002773.SZ,20180622,35.72,37.38,35.59,37.38,35.72,1.6600000000000037,4.65,13991.86,71324.85
002773.SZ,20180625,37.2,37.84,36.56,36.63,37.38,-0.75,-2.01,16887.63,86571.458
002773.SZ,20180626,35.87,37.38,35.08,36.87,36.63,0.23999999999999488,0.66,16228.87,81331.673
002773.SZ,20180627,36.79,36.79,35.31,36.31,36.87,-0.5599999999999952,-1.52,25113.88,126557.882
002773.SZ,20180628,36.28,37.02,35.74,36.26,36.31,-0.05000000000000426,-0.14,16299.18,82762.521
002773.SZ,20180629,36.25,37.52,36.09,37.38,36.26,1.1200000000000045,3.09,14831.06,76462.314
002773.SZ,20180702,37.31,38.71,37.22,38.18,37.38,0.7999999999999972,2.14,22525.98,119744.108
002773.SZ,20180703,38.1,38.35,36.87,38.07,38.18,-0.10999999999999943,-0.29,10336.35,54156.781
002773.SZ,20180704,37.84,38.56,37.74,38.2,38.07,0.13000000000000256,0.34,12600.31,67154.977
002773.SZ,20180705,38.16,38.42,36.36,37.52,38.2,-0.6799999999999997,-1.78,14660.41,76240.4
002773.SZ,20180706,36.7,37.56,35.94,36.5,37.52,-1.0200000000000031,-2.72,12592.28,64514.596
002773.SZ,20180709,36.44,37.33,36.44,37.18,36.5,0.6799999999999997,1.86,15072.86,77581.732
002773.SZ,20180710,37.37,38.02,37.21,38.02,37.18,0.8400000000000034,2.26,14964.0,78690.318
002773.SZ,20180711,36.95,37.08,35.94,37.05,38.02,-0.970000000000006,-2.55,19572.53,99897.441
002773.SZ,20180712,37.02,38.46,36.89,38.31,37.05,1.2600000000000051,3.4,27422.18,145059.493
002773.SZ,20180713,38.4,40.61,37.96,40.18,38.31,1.8699999999999974,4.88,37104.8,204897.095
002773.SZ,20180716,40.03,40.91,39.68,40.6,40.18,0.4200000000000017,1.05,24416.0,137291.271
002773.SZ,20180717,40.0,40.25,38.53,40.01,40.6,-0.5900000000000034,-1.45,22573.1,123329.912
002773.SZ,20180718,38.89,39.2,37.74,38.38,40.01,-1.6299999999999955,-4.07,45702.2,243929.872
002773.SZ,20180719,38.38,38.4,36.3,36.87,38.38,-1.5100000000000051,-3.93,25125.36,130379.605
002773.SZ,20180720,36.86,37.58,36.38,37.25,36.87,0.38000000000000256,1.03,12920.18,66718.143
002773.SZ,20180723,35.94,36.98,34.5,36.55,37.25,-0.7000000000000028,-1.88,18439.72,92391.294
002773.SZ,20180724,35.98,37.36,35.8,37.1,36.55,0.5500000000000043,1.5,10549.36,54027.36
002773.SZ,20180725,37.36,38.05,37.02,37.48,37.1,0.37999999999999545,1.02,13410.1,70344.497
002773.SZ,20180726,37.51,37.81,36.56,36.91,37.48,-0.5700000000000003,-1.52,8929.51,46126.062
002773.SZ,20180727,36.91,37.14,36.52,36.72,36.91,-0.18999999999999773,-0.51,3647.08,18668.995
002773.SZ,20180730,36.73,37.17,34.79,34.8,36.72,-1.9200000000000017,-5.23,19260.39,95276.818
002773.SZ,20180731,34.54,36.3,34.54,35.57,34.8,0.7700000000000031,2.21,13128.38,64671.424
002773.SZ,20180801,35.57,35.94,34.9,35.08,35.57,-0.490000000000002,-1.38,7813.47,38397.252
002773.SZ,20180802,35.41,35.57,33.93,35.03,35.08,-0.04999999999999716,-0.14,10645.9,51156.881
002773.SZ,20180803,35.02,35.18,34.23,34.26,35.03,-0.7700000000000031,-2.2,5225.77,25092.926
002773.SZ,20180806,34.24,34.25,31.45,31.71,34.26,-2.549999999999997,-7.44,26072.82,117232.681
002773.SZ,20180807,32.06,32.26,31.41,31.84,31.71,0.129999999999999,0.41,22778.2,100561.234
002773.SZ,20180808,32.04,32.83,31.63,31.73,31.84,-0.10999999999999943,-0.35,20605.02,92180.949
002773.SZ,20180809,31.77,33.54,31.77,33.08,31.73,1.3499999999999979,4.25,18120.11,83220.438
002773.SZ,20180810,33.06,34.83,33.0,34.42,33.08,1.3400000000000034,4.05,12709.2,60594.849
002773.SZ,20180813,33.93,34.92,33.91,34.57,34.42,0.14999999999999858,0.44,9126.5,44007.11
002773.SZ,20180814,34.49,35.85,34.49,35.54,34.57,0.9699999999999989,2.81,10685.17,52829.478
002773.SZ,20180815,35.58,35.58,33.94,34.14,35.54,-1.3999999999999986,-3.94,8895.7,42620.517
002773.SZ,20180816,33.85,34.93,33.46,33.99,34.14,-0.14999999999999858,-0.44,12077.54,57814.002
002773.SZ,20180817,34.5,34.61,32.05,32.59,33.99,-1.3999999999999986,-4.12,20117.55,91692.819
002773.SZ,20180820,32.88,33.05,31.65,32.92,32.59,0.3299999999999983,1.01,10911.15,48896.635
002773.SZ,20180821,33.05,33.94,32.34,33.63,32.92,0.7100000000000009,2.16,14571.37,67589.413
002773.SZ,20180822,34.02,34.02,32.7,32.94,33.63,-0.6900000000000048,-2.05,8418.5,38658.548
002773.SZ,20180823,33.06,33.92,32.63,33.49,32.94,0.5500000000000043,1.67,7369.41,34213.935
002773.SZ,20180824,33.63,33.97,33.2,33.66,33.49,0.1699999999999946,0.51,5148.0,24164.081
002773.SZ,20180827,33.63,34.57,33.2,34.3,33.66,0.6400000000000006,1.9,12002.5,56942.963
002773.SZ,20180828,34.29,35.2,33.93,34.86,34.31,0.5499999999999972,1.6,14151.98,68334.616
002773.SZ,20180829,34.07,34.86,32.45,34.0,34.86,-0.8599999999999994,-2.47,37188.31,172419.278
002773.SZ,20180830,33.57,33.98,32.99,33.19,34.0,-0.8100000000000023,-2.38,13230.56,61383.7
002773.SZ,20180831,32.93,33.0,32.16,32.4,33.19,-0.7899999999999991,-2.38,8721.67,39489.083
002773.SZ,20180903,32.35,32.7,31.61,32.55,32.4,0.14999999999999858,0.46,6878.19,30712.752
002773.SZ,20180904,32.68,32.68,31.63,32.27,32.55,-0.27999999999999403,-0.86,9696.87,43301.521
002773.SZ,20180905,32.19,32.19,31.77,31.8,32.27,-0.4700000000000024,-1.46,4742.19,21044.296
002773.SZ,20180906,31.87,31.87,29.83,30.17,31.8,-1.629999999999999,-5.13,16991.76,72524.851
002773.SZ,20180907,30.17,30.9,29.86,30.28,30.17,0.10999999999999943,0.36,11796.46,49886.317
002773.SZ,20180910,30.25,30.51,29.61,30.05,30.28,-0.23000000000000043,-0.76,5646.99,23636.558
002773.SZ,20180911,29.97,30.04,28.53,29.05,30.05,-1.0,-3.33,22853.6,92350.44
002773.SZ,20180912,28.99,29.46,28.52,28.64,29.05,-0.41000000000000014,-1.41,12498.83,50027.368
002773.SZ,20180913,28.9,29.23,25.83,28.39,28.64,-0.25,-0.87,35691.65,135156.06
002773.SZ,20180914,27.35,28.74,26.47,28.01,28.39,-0.379999999999999,-1.34,28336.77,108001.001
002773.SZ,20180917,27.32,28.2,27.14,28.01,28.01,0.0,0.0,10583.08,40940.988
002773.SZ,20180918,27.55,28.37,27.55,28.29,28.01,0.2799999999999976,1.0,8685.67,33942.26
002773.SZ,20180919,28.31,29.11,27.75,28.69,28.29,0.40000000000000213,1.41,7890.55,31502.883
002773.SZ,20180920,28.68,29.02,28.31,28.38,28.69,-0.3100000000000023,-1.08,6042.67,23997.714
002773.SZ,20180921,28.32,28.92,28.31,28.69,28.38,0.3100000000000023,1.09,5603.55,22350.307
002773.SZ,20180925,28.74,29.3,28.68,28.95,28.69,0.259999999999998,0.91,4715.12,19027.663
002773.SZ,20180926,29.15,29.31,28.85,29.01,28.95,0.060000000000002274,0.21,4998.88,20243.998
002773.SZ,20180927,29.0,29.69,28.86,29.07,29.01,0.05999999999999872,0.21,11764.29,47907.237
002773.SZ,20180928,29.35,29.35,28.05,28.69,29.07,-0.379999999999999,-1.31,14599.98,57834.23
002773.SZ,20181008,28.2,28.62,27.18,28.05,28.69,-0.6400000000000006,-2.23,11229.66,43370.263
002773.SZ,20181009,27.57,28.26,27.57,28.03,28.05,-0.019999999999999574,-0.07,4219.12,16422.697
002773.SZ,20181010,27.85,28.27,27.31,27.6,28.03,-0.4299999999999997,-1.53,5065.25,19410.718
002773.SZ,20181011,27.24,28.04,26.01,26.18,27.6,-1.4200000000000017,-5.14,20461.25,76545.978
002773.SZ,20181012,26.24,27.28,25.61,27.13,26.18,0.9499999999999993,3.63,8060.24,29590.76
002773.SZ,20181015,27.15,28.03,26.93,27.51,27.13,0.38000000000000256,1.4,7130.49,27464.252
002773.SZ,20181016,27.33,27.71,25.52,26.19,27.51,-1.3200000000000003,-4.8,14133.35,52635.846
002773.SZ,20181017,26.2,27.1,26.2,27.1,26.19,0.9100000000000001,3.47,12311.51,45741.738
002773.SZ,20181018,26.93,27.29,26.45,26.69,27.1,-0.41000000000000014,-1.51,5888.01,22087.53
002773.SZ,20181019,26.12,27.56,26.06,27.21,26.69,0.5199999999999996,1.95,7144.25,26801.604
002773.SZ,20181022,27.96,28.72,27.6,28.6,27.21,1.3900000000000006,5.11,10744.27,42479.372
002773.SZ,20181023,28.5,28.5,27.89,28.18,28.6,-0.4200000000000017,-1.47,10388.95,40766.331
002773.SZ,20181024,28.24,30.05,27.93,29.43,28.18,1.25,4.44,18748.49,75867.465
002773.SZ,20181025,28.97,29.4,28.14,29.02,29.43,-0.41000000000000014,-1.39,8659.47,34755.873
002773.SZ,20181026,29.12,30.26,28.76,29.09,29.02,0.07000000000000028,0.24,8618.0,35392.655
002773.SZ,20181029,29.1,29.23,27.6,28.18,29.09,-0.9100000000000001,-3.13,6490.53,25390.027
002773.SZ,20181030,28.03,28.74,27.07,28.42,28.18,0.240000000000002,0.85,8716.12,33933.119
002773.SZ,20181031,28.18,28.87,28.18,28.68,28.42,0.259999999999998,0.91,6536.16,25990.595
002773.SZ,20181101,28.61,28.71,27.87,28.31,28.68,-0.370000000000001,-1.29,10094.33,39819.06
002773.SZ,20181102,28.37,29.11,28.04,28.89,28.31,0.5800000000000018,2.05,21975.09,87527.955
002773.SZ,20181105,28.84,28.99,28.09,28.45,28.89,-0.4400000000000013,-1.52,13430.46,53516.269
002773.SZ,20181106,28.25,28.26,26.63,27.28,28.45,-1.1699999999999982,-4.11,14870.17,56411.144
002773.SZ,20181107,27.28,27.89,26.96,27.45,27.28,0.16999999999999815,0.62,8893.99,34129.578
002773.SZ,20181108,27.75,27.8,27.08,27.23,27.45,-0.21999999999999886,-0.8,6057.6,23064.782
002773.SZ,20181109,26.95,27.39,26.26,26.88,27.23,-0.3500000000000014,-1.29,10901.97,40837.117
002773.SZ,20181112,26.9,27.13,26.63,27.12,26.88,0.240000000000002,0.89,8221.05,30823.629
002773.SZ,20181113,26.88,27.29,26.54,27.24,27.12,0.11999999999999744,0.44,10539.09,39367.278
002773.SZ,20181114,27.17,27.46,26.95,27.05,27.24,-0.18999999999999773,-0.7,7915.0,29952.004
002773.SZ,20181115,27.03,27.05,26.14,26.88,27.05,-0.1700000000000017,-0.63,12616.28,46662.688
002773.SZ,20181116,26.88,27.75,26.88,27.7,26.88,0.8200000000000003,3.05,22925.69,87369.081
002773.SZ,20181119,27.89,28.0,26.95,27.24,27.7,-0.46000000000000085,-1.66,13662.73,51947.931
002773.SZ,20181120,27.01,27.12,26.49,26.58,27.24,-0.6600000000000001,-2.42,6492.03,24173.103
002773.SZ,20181121,26.24,26.83,26.24,26.57,26.58,-0.00999999999999801,-0.04,14481.0,53572.252
002773.SZ,20181122,26.62,26.77,26.16,26.52,26.57,-0.05000000000000071,-0.19,10763.1,39743.532
002773.SZ,20181123,26.37,26.66,25.5,25.8,26.52,-0.7199999999999989,-2.71,10356.79,37345.344
002773.SZ,20181126,25.79,26.08,25.13,25.2,25.8,-0.6000000000000014,-2.33,8344.0,29653.286
002773.SZ,20181127,25.29,26.0,25.29,25.87,25.2,0.6700000000000017,2.66,7254.64,26044.348
002773.SZ,20181128,25.87,26.85,25.63,26.45,25.87,0.5799999999999983,2.24,25078.6,92315.513
002773.SZ,20181129,26.45,27.34,26.34,27.16,26.45,0.7100000000000009,2.68,24524.61,92558.418
002773.SZ,20181130,26.72,27.29,26.72,26.95,27.16,-0.21000000000000085,-0.77,14025.39,52713.821
002773.SZ,20181203,27.31,28.29,27.17,27.41,26.95,0.46000000000000085,1.71,23231.21,89513.265
002773.SZ,20181204,27.64,28.53,27.36,28.41,27.41,1.0,3.65,20058.07,78671.035
002773.SZ,20181205,28.03,28.99,27.67,28.82,28.41,0.41000000000000014,1.44,23437.6,93741.922
002773.SZ,20181206,28.81,29.05,26.61,27.19,28.82,-1.629999999999999,-5.66,35014.32,135134.619
002773.SZ,20181207,27.31,27.31,25.23,25.79,27.19,-1.4000000000000021,-5.15,39069.61,141421.876
002773.SZ,20181210,26.2,26.83,25.31,26.09,25.79,0.3000000000000007,1.16,32057.53,116675.723
002773.SZ,20181211,26.37,26.43,25.5,26.06,26.09,-0.030000000000001137,-0.11,20130.28,72551.747
002773.SZ,20181212,26.06,26.36,26.01,26.09,26.06,0.030000000000001137,0.12,14149.07,51469.304
002773.SZ,20181213,25.99,26.85,25.8,26.61,26.09,0.5199999999999996,1.99,13395.36,49401.826
002773.SZ,20181214,26.6,27.03,26.17,26.26,26.61,-0.34999999999999787,-1.32,21643.12,79954.619
002773.SZ,20181217,26.26,26.37,25.45,25.82,26.26,-0.4400000000000013,-1.68,15487.58,55521.97
002773.SZ,20181218,25.82,26.2,25.69,25.95,25.82,0.129999999999999,0.5,7496.59,27035.73
002773.SZ,20181219,25.93,26.18,25.16,25.26,25.95,-0.6899999999999977,-2.66,11734.6,41549.251
002773.SZ,20181220,25.22,25.51,24.95,25.47,25.26,0.2099999999999973,0.83,4640.12,16333.15
002773.SZ,20181221,25.37,25.59,25.06,25.55,25.47,0.08000000000000185,0.31,7292.57,25652.231
002773.SZ,20181224,25.45,25.74,25.37,25.52,25.55,-0.030000000000001137,-0.12,5504.3,19556.577
002773.SZ,20181225,25.49,25.62,25.07,25.35,25.52,-0.16999999999999815,-0.67,7669.65,27015.038
002773.SZ,20181226,25.36,25.49,24.98,25.1,25.35,-0.25,-0.99,8320.0,29111.854
002773.SZ,20181227,25.43,25.56,24.68,24.73,25.1,-0.370000000000001,-1.47,11498.06,39833.168
002773.SZ,20181228,25.04,25.04,24.12,24.49,24.73,-0.240000000000002,-0.97,9788.89,33389.732
002773.SZ,20190102,24.6,25.01,24.05,24.29,24.49,-0.1999999999999993,-0.82,4924.19,16683.973
002773.SZ,20190103,24.22,24.36,23.14,23.18,24.29,-1.1099999999999994,-4.57,9648.07,31762.357
002773.SZ,20190104,23.18,24.28,23.14,24.01,23.18,0.8300000000000018,3.58,15143.31,50045.956
002773.SZ,20190107,24.07,24.96,24.07,24.79,24.01,0.7799999999999976,3.25,13207.9,45454.436
002773.SZ,20190108,24.83,25.37,24.6,25.34,24.79,0.5500000000000007,2.22,11699.98,41076.39
002773.SZ,20190109,25.34,26.11,24.68,25.13,25.34,-0.21000000000000085,-0.83,15047.37,53362.298
002773.SZ,20190110,25.23,25.95,24.87,25.67,25.13,0.5400000000000027,2.15,10491.0,37315.656
002773.SZ,20190111,25.34,25.85,25.23,25.33,25.67,-0.3400000000000034,-1.32,6054.0,21452.743
002773.SZ,20190114,25.72,25.85,25.16,25.22,25.33,-0.10999999999999943,-0.43,4331.0,15319.067
002773.SZ,20190115,25.43,26.13,24.45,25.93,25.22,0.7100000000000009,2.82,15246.5,54104.722
002773.SZ,20190116,25.55,25.99,25.45,25.92,25.93,-0.00999999999999801,-0.04,10471.36,37595.901
002773.SZ,20190117,25.38,26.31,25.38,25.91,25.92,-0.010000000000001563,-0.04,6943.68,25185.384
002773.SZ,20190118,26.17,27.43,25.72,27.03,25.91,1.120000000000001,4.32,18529.34,68986.69
002773.SZ,20190121,27.39,27.52,26.96,27.28,27.03,0.25,0.92,12266.94,46587.092
002773.SZ,20190122,27.35,27.57,26.89,27.39,27.28,0.10999999999999943,0.4,9679.45,36840.529
002773.SZ,20190123,27.11,27.38,26.77,27.08,27.39,-0.3100000000000023,-1.13,6119.45,23004.974
002773.SZ,20190124,27.08,27.59,26.88,27.35,27.08,0.2700000000000031,1.0,3964.51,15014.711
002773.SZ,20190125,27.33,27.8,26.67,27.64,27.35,0.28999999999999915,1.06,7216.58,27535.122
002773.SZ,20190128,27.24,28.1,27.24,28.03,27.64,0.39000000000000057,1.41,6960.45,27036.899
002773.SZ,20190129,27.33,27.89,25.57,26.14,28.03,-1.8900000000000006,-6.74,22743.4,84119.921
002773.SZ,20190130,26.42,27.44,26.28,26.52,26.14,0.379999999999999,1.45,19312.74,72321.799
002773.SZ,20190131,26.88,27.44,26.39,27.02,26.52,0.5,1.89,9838.3,37028.982
002773.SZ,20190201,27.15,28.45,27.03,28.41,27.02,1.3900000000000006,5.14,15091.65,59125.538
002773.SZ,20190211,28.53,29.17,27.42,28.38,28.41,-0.030000000000001137,-0.11,11502.29,45479.791
002773.SZ,20190212,28.21,30.17,27.9,30.01,28.38,1.6300000000000026,5.74,21207.48,87012.595
002773.SZ,20190213,29.83,29.9,29.11,29.78,30.01,-0.23000000000000043,-0.77,16244.37,66619.735
002773.SZ,20190214,29.79,29.83,28.97,29.27,29.78,-0.5100000000000016,-1.71,11023.43,44982.99
002773.SZ,20190215,29.12,29.51,28.67,28.82,29.27,-0.4499999999999993,-1.54,10398.99,41930.448
002773.SZ,20190218,29.18,30.11,28.95,29.9,28.82,1.0799999999999983,3.75,14603.02,60455.041
002773.SZ,20190219,29.61,29.9,28.54,28.97,29.9,-0.9299999999999997,-3.11,20494.34,83098.875
002773.SZ,20190220,28.97,29.79,28.72,29.2,28.97,0.23000000000000043,0.79,33700.92,137355.541
002773.SZ,20190221,29.23,29.25,28.64,28.75,29.2,-0.4499999999999993,-1.54,19364.23,77690.968
002773.SZ,20190222,28.75,28.75,27.39,28.09,28.75,-0.6600000000000001,-2.3,36570.67,141210.182
002773.SZ,20190225,27.99,28.87,27.89,28.79,28.09,0.6999999999999993,2.49,27769.78,110185.154
002773.SZ,20190226,29.11,29.98,28.59,28.61,28.79,-0.17999999999999972,-0.63,51569.85,210754.154
002773.SZ,20190227,28.79,29.6,28.46,28.87,28.61,0.26000000000000156,0.91,39315.69,158810.308
002773.SZ,20190228,27.41,29.18,27.31,29.18,28.87,0.3099999999999987,1.07,36781.0,146372.671
002773.SZ,20190301,29.18,29.83,28.33,28.86,29.18,-0.3200000000000003,-1.1,39315.9,158512.059
002773.SZ,20190304,29.25,31.75,28.9,30.7,28.86,1.8399999999999999,6.38,77661.6,329645.406
002773.SZ,20190305,31.2,32.01,30.7,31.45,30.7,0.75,2.44,66583.42,291128.808
002773.SZ,20190306,31.59,31.63,30.77,31.34,31.45,-0.10999999999999943,-0.35,40795.25,177313.701
002773.SZ,20190307,31.55,32.48,30.68,31.11,31.34,-0.23000000000000043,-0.73,41314.42,181279.678
002773.SZ,20190308,30.91,31.26,30.2,30.4,31.11,-0.7100000000000009,-2.28,27586.7,118308.566
002773.SZ,20190311,30.38,32.42,30.35,32.35,30.4,1.9500000000000028,6.41,36690.41,162051.19
002773.SZ,20190312,33.35,34.49,33.06,33.84,32.35,1.490000000000002,4.61,45701.8,214605.541
002773.SZ,20190313,33.84,35.61,33.77,34.57,33.84,0.7299999999999969,2.16,40929.55,198754.497
002773.SZ,20190314,34.49,35.22,33.6,34.2,34.57,-0.36999999999999744,-1.07,22549.68,108009.675
002773.SZ,20190315,34.14,35.38,33.71,35.1,34.2,0.8999999999999986,2.63,30280.37,146493.191
002773.SZ,20190318,34.85,37.26,34.52,37.2,35.1,2.1000000000000014,5.98,33077.95,167915.613
002773.SZ,20190319,37.21,37.63,35.78,36.62,37.2,-0.5800000000000054,-1.56,27177.8,137710.623
002773.SZ,20190320,36.56,36.56,34.47,35.53,36.62,-1.0899999999999963,-2.98,33822.1,166869.705
002773.SZ,20190321,35.91,36.37,35.22,35.94,35.53,0.4099999999999966,1.15,18195.11,90774.35
002773.SZ,20190322,35.97,36.49,35.11,35.9,35.94,-0.03999999999999915,-0.11,24194.36,119753.266
002773.SZ,20190325,35.85,36.36,35.08,35.54,35.9,-0.35999999999999943,-1.0,20768.21,103370.796
002773.SZ,20190326,35.41,36.09,34.8,34.98,35.54,-0.5600000000000023,-1.58,13203.52,64758.023
002773.SZ,20190327,35.31,37.02,34.88,36.41,34.98,1.4299999999999997,4.09,25181.78,126659.845
002773.SZ,20190328,36.86,36.86,35.37,35.71,36.41,-0.6999999999999957,-1.92,17187.6,85628.97
002773.SZ,20190329,35.92,36.66,35.18,36.6,35.71,0.8900000000000006,2.49,17023.37,85759.639
002773.SZ,20190401,36.87,38.63,36.31,38.25,36.6,1.6499999999999986,4.51,19608.31,103628.216
002773.SZ,20190402,38.28,38.51,37.74,38.15,38.25,-0.10000000000000142,-0.26,11873.99,63043.981
002773.SZ,20190403,37.96,38.48,37.56,37.87,38.15,-0.28000000000000114,-0.73,10684.07,56481.957
002773.SZ,20190404,38.09,38.94,37.38,37.99,37.87,0.12000000000000455,0.32,12844.04,68024.756
002773.SZ,20190408,38.66,38.66,35.94,36.26,37.99,-1.730000000000004,-4.55,28971.4,146976.657
002773.SZ,20190409,36.26,37.02,35.65,36.83,36.26,0.5700000000000003,1.57,21033.32,106910.584
002773.SZ,20190410,36.18,37.36,36.18,36.51,36.83,-0.3200000000000003,-0.87,18649.43,95244.621
002773.SZ,20190411,36.87,36.87,35.18,35.58,36.51,-0.9299999999999997,-2.55,21405.77,107133.928
002773.SZ,20190412,36.01,36.01,34.21,34.93,35.58,-0.6499999999999986,-1.83,20139.77,97815.388
002773.SZ,20190415,35.53,37.95,35.44,35.87,34.93,0.9399999999999977,2.69,57116.34,289727.285
002773.SZ,20190416,35.8,36.83,34.51,36.55,35.87,0.6799999999999997,1.9,34873.67,175183.526
002773.SZ,20190417,36.41,36.8,35.69,36.08,36.55,-0.46999999999999886,-1.29,24220.08,121319.096
002773.SZ,20190418,36.07,38.35,35.59,38.14,36.08,2.0600000000000023,5.71,35186.91,184516.633
002773.SZ,20190419,37.74,40.04,37.74,39.09,38.14,0.9500000000000028,2.49,37232.98,203871.477
002773.SZ,20190422,38.82,41.19,38.72,40.83,39.09,1.7399999999999949,4.45,38854.47,217508.418
002773.SZ,20190423,40.26,41.91,39.67,40.83,40.83,0.0,0.0,25503.79,145602.583
002773.SZ,20190424,40.88,41.6,38.94,40.14,40.83,-0.6899999999999977,-1.69,17400.22,96797.07
002773.SZ,20190425,40.73,40.96,39.54,39.71,40.14,-0.4299999999999997,-1.07,22837.04,127818.2
002773.SZ,20190426,40.24,41.69,39.61,40.31,39.71,0.6000000000000014,1.51,20666.53,117027.774
002773.SZ,20190429,40.17,41.73,39.4,39.89,40.31,-0.4200000000000017,-1.04,21874.31,122548.795
002773.SZ,20190430,35.9,36.26,35.9,35.9,39.89,-3.990000000000002,-10.0,22206.58,111063.72
002773.SZ,20190506,33.64,34.75,32.35,32.84,35.9,-3.059999999999995,-8.52,46203.92,211893.632
002773.SZ,20190507,33.48,33.48,31.41,32.44,32.84,-0.4000000000000057,-1.22,25592.16,115688.636
002773.SZ,20190508,32.37,34.42,31.63,33.5,32.44,1.0600000000000023,3.27,15829.55,73779.179
002773.SZ,20190509,33.55,33.55,32.02,32.26,33.5,-1.240000000000002,-3.7,13679.7,61881.85
002773.SZ,20190510,32.29,33.48,31.7,32.68,32.26,0.4200000000000017,1.3,25854.24,116232.963
002773.SZ,20190513,32.55,32.55,30.92,31.12,32.68,-1.5599999999999987,-4.77,24141.54,105605.069
002773.SZ,20190514,31.12,32.67,30.92,32.13,31.12,1.0100000000000016,3.25,25318.88,113313.39
002773.SZ,20190515,32.49,32.81,31.55,32.34,32.13,0.21000000000000085,0.65,22338.45,99828.303
002773.SZ,20190516,31.73,32.65,31.48,32.09,32.34,-0.25,-0.77,20266.56,90044.795
002773.SZ,20190517,33.1,34.35,32.51,33.12,32.09,1.029999999999994,3.21,41189.47,191822.35
002773.SZ,20190520,33.02,33.33,31.78,33.04,33.12,-0.0799999999999983,-0.24,18426.3,83003.231
002773.SZ,20190521,32.53,34.66,32.53,34.51,33.04,1.4699999999999989,4.45,20355.97,96019.798
002773.SZ,20190522,34.45,37.92,33.79,36.95,34.51,2.440000000000005,7.07,23832.9,119537.059
002773.SZ,20190523,37.3,37.3,34.72,35.65,36.95,-1.3000000000000043,-3.52,17088.02,85098.189
002773.SZ,20190524,34.75,35.65,33.94,35.0,35.65,-0.6499999999999986,-1.82,15631.0,75666.606
002773.SZ,20190527,34.74,35.87,33.95,35.42,35.0,0.4200000000000017,1.2,10676.97,52143.594
002773.SZ,20190528,35.16,35.8,34.5,34.65,35.42,-0.7700000000000031,-2.17,8485.07,41295.421
002773.SZ,20190529,35.02,35.92,34.38,35.09,34.65,0.44000000000000483,1.27,11520.85,56573.245
002773.SZ,20190530,35.28,35.8,34.5,34.96,35.09,-0.13000000000000256,-0.37,10662.83,51851.261
002773.SZ,20190531,34.85,35.72,34.74,35.34,34.96,0.38000000000000256,1.09,8653.82,42591.557
002773.SZ,20190603,35.22,36.12,34.43,34.57,35.34,-0.7700000000000031,-2.18,14281.64,69630.772
002773.SZ,20190604,35.17,35.21,34.21,34.64,34.57,0.07000000000000028,0.2,8689.8,41807.74
002773.SZ,20190605,34.57,35.0,32.8,33.35,34.64,-1.2899999999999991,-3.72,15980.72,74465.266
002773.SZ,20190606,33.35,34.2,31.85,32.23,33.35,-1.1200000000000045,-3.36,22043.15,76039.523
002773.SZ,20190610,32.7,33.33,31.99,33.01,32.23,0.7800000000000011,2.42,12931.54,45251.159
002773.SZ,20190611,33.18,34.4,33.01,33.78,33.01,0.7700000000000031,2.33,13331.21,48097.696
002773.SZ,20190612,34.22,34.22,32.71,32.9,33.78,-0.8800000000000026,-2.61,17294.07,60989.041
002773.SZ,20190613,33.22,33.46,32.62,32.97,32.9,0.07000000000000028,0.21,16272.15,57065.719
002773.SZ,20190614,32.97,33.27,31.97,32.46,32.97,-0.509999999999998,-1.55,24767.97,85568.283
002773.SZ,20190617,31.88,33.07,31.88,32.38,32.46,-0.0799999999999983,-0.25,8945.92,31030.049
002773.SZ,20190618,32.79,32.79,32.01,32.05,32.38,-0.3300000000000054,-1.02,6601.4,22600.281
002773.SZ,20190619,32.63,32.89,32.17,32.36,32.05,0.3100000000000023,0.97,22866.64,79103.648
002773.SZ,20190620,32.48,32.7,31.82,32.53,32.36,0.1700000000000017,0.53,18025.76,61956.127
002773.SZ,20190621,32.52,33.65,32.44,32.9,32.53,0.36999999999999744,1.14,32976.22,115629.266
002773.SZ,20190624,32.77,33.14,32.44,32.54,32.9,-0.35999999999999943,-1.09,12634.09,43878.096
002773.SZ,20190625,32.57,32.69,31.06,31.33,32.54,-1.2100000000000009,-3.72,27587.34,92369.151
002773.SZ,20190626,31.14,31.45,30.83,31.01,31.33,-0.31999999999999673,-1.02,34668.27,114308.459
002773.SZ,20190627,30.86,31.96,30.75,31.16,31.01,0.14999999999999858,0.48,42806.36,142079.209
002773.SZ,20190628,31.43,31.44,30.65,30.95,31.16,-0.21000000000000085,-0.67,21072.91,69712.314
002773.SZ,20190701,31.4,31.69,31.02,31.57,30.95,0.620000000000001,2.0,28877.4,96741.906
002773.SZ,20190702,31.12,31.92,30.56,31.76,31.57,0.19000000000000128,0.6,32599.36,109396.466
002773.SZ,20190703,31.77,31.77,30.38,30.75,31.76,-1.0100000000000016,-3.18,44741.03,146298.938
002773.SZ,20190704,30.53,31.0,30.39,30.4,30.75,-0.3500000000000014,-1.14,21226.67,68960.312
002773.SZ,20190705,30.36,30.68,29.61,30.59,30.4,0.19000000000000128,0.63,39050.25,124933.719
002773.SZ,20190708,30.44,30.78,29.03,29.22,30.59,-1.370000000000001,-4.48,32396.29,101822.28
002773.SZ,20190709,29.21,29.35,28.78,28.98,29.22,-0.23999999999999844,-0.82,19720.31,60962.067
002773.SZ,20190710,29.47,30.01,29.05,29.75,28.98,0.7699999999999996,2.66,25413.8,80220.904
002773.SZ,20190711,29.39,30.2,29.33,29.42,29.75,-0.3299999999999983,-1.11,11766.55,37222.318
002773.SZ,20190712,29.61,29.84,28.75,29.14,29.42,-0.28000000000000114,-0.95,14850.9,46166.72
002773.SZ,20190715,29.28,29.59,28.68,29.43,29.14,0.28999999999999915,1.0,20373.0,63358.239
002773.SZ,20190716,29.31,29.53,29.14,29.26,29.43,-0.16999999999999815,-0.58,10860.1,33818.166
002773.SZ,20190717,29.42,29.52,28.96,29.23,29.26,-0.030000000000001137,-0.1,14582.95,45317.03
002773.SZ,20190718,29.14,29.21,28.51,28.82,29.23,-0.41000000000000014,-1.4,16100.72,49336.734
002773.SZ,20190719,28.94,29.02,28.15,28.3,28.82,-0.5199999999999996,-1.8,19914.1,60285.556
002773.SZ,20190722,28.3,28.6,27.49,28.42,28.3,0.120000000000001,0.42,21955.85,65882.428
002773.SZ,20190723,28.23,30.27,28.23,29.71,28.42,1.2899999999999991,4.54,34767.05,108428.115
002773.SZ,20190724,29.76,30.73,29.61,30.2,29.71,0.48999999999999844,1.65,42383.69,136299.102
002773.SZ,20190725,29.97,30.53,29.84,30.23,30.2,0.030000000000001137,0.1,21461.22,69114.474
002773.SZ,20190726,30.03,30.76,30.03,30.66,30.23,0.4299999999999997,1.42,28894.76,93913.716
002773.SZ,20190729,31.02,31.67,30.42,30.93,30.66,0.2699999999999996,0.88,28754.73,94850.742
002773.SZ,20190730,30.71,32.57,30.71,32.17,30.93,1.240000000000002,4.01,47204.29,160324.975
002773.SZ,20190731,31.88,32.38,31.74,32.1,32.17,-0.07000000000000028,-0.22,19285.19,65868.085
002773.SZ,20190801,31.97,32.51,31.41,31.7,32.1,-0.40000000000000213,-1.25,18657.95,63191.908
002773.SZ,20190802,31.29,32.41,30.55,31.68,31.7,-0.019999999999999574,-0.06,21325.85,71386.806
002773.SZ,20190805,31.71,31.86,30.57,30.69,31.68,-0.9899999999999984,-3.12,18747.6,61918.665
002773.SZ,20190806,30.63,30.83,29.72,30.65,30.69,-0.0400000000000027,-0.13,24808.25,79856.514
002773.SZ,20190807,31.02,31.02,29.7,29.71,30.65,-0.9399999999999977,-3.07,15734.42,50253.258
002773.SZ,20190808,29.73,31.29,29.33,30.82,29.71,1.1099999999999994,3.74,36449.64,118323.143
002773.SZ,20190809,31.44,31.44,29.71,30.09,30.82,-0.7300000000000004,-2.37,25761.28,82702.011
002773.SZ,20190812,30.09,31.35,29.34,30.98,30.09,0.8900000000000006,2.96,21995.92,71523.653
002773.SZ,20190813,31.02,31.12,30.32,30.88,30.98,-0.10000000000000142,-0.32,14892.79,48605.637
002773.SZ,20190814,31.05,31.75,30.66,31.02,30.88,0.14000000000000057,0.45,16387.33,54068.606
002773.SZ,20190815,30.56,31.3,30.18,31.0,31.02,-0.019999999999999574,-0.06,15769.52,51681.543
002773.SZ,20190816,31.0,31.47,30.74,31.46,31.0,0.46000000000000085,1.48,19396.08,64413.431
002773.SZ,20190819,31.52,32.15,31.36,32.06,31.46,0.6000000000000014,1.91,25459.73,86053.191
002773.SZ,20190820,32.55,32.82,31.77,31.95,32.06,-0.11000000000000298,-0.34,15027.98,51132.646
002773.SZ,20190821,31.76,32.24,30.88,31.54,31.95,-0.41000000000000014,-1.28,21985.77,73592.039
002773.SZ,20190822,31.47,31.73,30.93,31.45,31.54,-0.08999999999999986,-0.29,14974.35,49808.023
002773.SZ,20190823,31.33,33.84,31.17,33.0,31.45,1.5500000000000007,4.93,44093.46,152928.268
002773.SZ,20190826,32.86,35.21,32.45,34.91,33.0,1.9099999999999966,5.79,78943.68,286419.279
002773.SZ,20190827,34.96,35.35,33.91,34.04,34.91,-0.8699999999999974,-2.49,50096.79,184058.026
002773.SZ,20190828,34.3,34.34,33.12,33.66,34.04,-0.38000000000000256,-1.12,31275.76,111597.375
002773.SZ,20190829,33.61,34.1,33.1,33.47,33.66,-0.18999999999999773,-0.56,31089.28,110791.024
002773.SZ,20190830,33.8,34.46,33.53,33.85,33.47,0.38000000000000256,1.14,24775.53,89535.438
002773.SZ,20190902,33.92,34.07,32.77,33.85,33.85,0.0,0.0,55804.8,197371.098
002773.SZ,20190903,33.64,34.31,33.2,34.09,33.85,0.240000000000002,0.71,27177.12,97728.765
002773.SZ,20190904,34.11,34.37,33.65,34.2,34.09,0.10999999999999943,0.32,17885.6,64560.524
002773.SZ,20190905,34.18,34.8,33.88,34.42,34.2,0.21999999999999886,0.64,35358.21,128917.547
002773.SZ,20190906,34.58,34.58,33.81,34.36,34.42,-0.060000000000002274,-0.17,15616.76,56808.345
002773.SZ,20190909,34.49,34.67,32.99,33.56,34.36,-0.7999999999999972,-2.33,59243.02,210488.834
002773.SZ,20190910,33.4,33.8,33.11,33.33,33.56,-0.23000000000000398,-0.69,31896.42,113203.956
002773.SZ,20190911,33.34,33.74,32.69,32.73,33.33,-0.6000000000000014,-1.8,27523.55,96870.497
002773.SZ,20190912,32.71,32.99,32.26,32.54,32.73,-0.18999999999999773,-0.58,27268.4,94228.475
002773.SZ,20190916,32.55,33.04,32.2,32.5,32.54,-0.03999999999999915,-0.12,25696.42,89068.294
002773.SZ,20190917,32.5,32.66,32.23,32.43,32.5,-0.07000000000000028,-0.22,22202.33,76545.164
002773.SZ,20190918,32.54,32.66,31.87,32.47,32.43,0.03999999999999915,0.12,20552.15,70377.136
002773.SZ,20190919,32.6,33.0,32.24,32.72,32.47,0.25,0.77,22485.46,78173.309
002773.SZ,20190920,32.71,32.88,32.36,32.75,32.72,0.030000000000001137,0.09,14137.45,49157.799
002773.SZ,20190923,32.44,32.68,31.68,32.06,32.75,-0.6899999999999977,-2.11,22764.94,77483.309
002773.SZ,20190924,32.08,33.47,32.06,32.7,32.06,0.6400000000000006,2.0,32827.74,114835.189
002773.SZ,20190925,32.68,32.68,31.19,31.33,32.7,-1.3700000000000045,-4.19,34023.1,114366.672
002773.SZ,20190926,31.33,31.59,30.44,31.18,31.33,-0.14999999999999858,-0.48,21036.43,68946.118
002773.SZ,20190927,31.01,31.42,30.38,31.07,31.18,-0.10999999999999943,-0.35,12712.64,41956.983
002773.SZ,20190930,31.04,31.47,30.83,31.31,31.07,0.23999999999999844,0.77,10894.66,36280.233
002773.SZ,20191008,31.46,31.75,31.04,31.33,31.31,0.019999999999999574,0.06,8490.56,28402.242
002773.SZ,20191009,31.54,31.54,30.34,30.93,31.33,-0.3999999999999986,-1.28,15505.2,50634.815
002773.SZ,20191010,30.99,32.92,30.95,32.81,30.93,1.8800000000000026,6.08,39568.42,136689.722
002773.SZ,20191011,33.06,33.07,32.23,32.45,32.81,-0.35999999999999943,-1.1,21793.99,75378.34
002773.SZ,20191014,32.78,32.84,32.23,32.48,32.45,0.02999999999999403,0.09,19390.23,67025.936
002773.SZ,20191015,32.39,33.04,32.25,32.76,32.48,0.28000000000000114,0.86,19792.12,68541.026
002773.SZ,20191016,32.77,33.05,32.52,32.62,32.76,-0.14000000000000057,-0.43,16725.59,58271.349
002773.SZ,20191017,32.61,33.23,32.07,32.43,32.62,-0.18999999999999773,-0.58,20355.15,70530.126
002773.SZ,20191018,32.42,32.52,31.56,31.57,32.43,-0.8599999999999994,-2.65,13623.07,46308.214
002773.SZ,20191021,31.6,31.95,30.27,30.96,31.57,-0.6099999999999994,-1.93,26866.06,88207.63
002773.SZ,20191022,30.91,32.44,30.66,32.22,30.96,1.259999999999998,4.07,28998.88,98910.996
002773.SZ,20191023,32.24,33.09,31.59,31.96,32.22,-0.259999999999998,-0.81,25612.98,87706.099
002773.SZ,20191024,31.95,31.95,30.66,30.98,31.96,-0.9800000000000004,-3.07,21524.22,70779.352
002773.SZ,20191025,30.98,31.63,30.55,31.48,30.98,0.5,1.61,10452.69,34636.054
002773.SZ,20191028,31.05,32.15,31.05,31.21,31.48,-0.2699999999999996,-0.86,17082.64,57052.619
002773.SZ,20191029,31.08,31.32,30.72,30.8,31.21,-0.41000000000000014,-1.31,14402.46,47364.802
002773.SZ,20191030,30.66,30.67,29.33,29.52,30.8,-1.2800000000000011,-4.16,39592.73,125223.939
002773.SZ,20191031,28.67,30.55,28.26,29.8,29.52,0.28000000000000114,0.95,39072.71,123084.106
002773.SZ,20191101,30.03,30.06,28.67,29.16,29.8,-0.6400000000000006,-2.15,34390.62,106906.6
002773.SZ,20191104,30.78,31.68,29.62,29.75,29.16,0.5899999999999999,2.02,65739.41,211152.141
002773.SZ,20191105,29.52,29.52,28.83,28.96,29.75,-0.7899999999999991,-2.66,51147.05,158014.356
002773.SZ,20191106,28.91,28.91,28.41,28.47,28.96,-0.490000000000002,-1.69,25253.61,76874.341
002773.SZ,20191107,28.4,29.08,28.32,29.06,28.47,0.5899999999999999,2.07,40811.49,124556.419
002773.SZ,20191108,29.09,29.7,28.87,29.35,29.06,0.2900000000000027,1.0,42730.07,133309.677
002773.SZ,20191111,29.07,30.38,28.87,29.61,29.35,0.259999999999998,0.89,32549.27,102817.139
002773.SZ,20191112,29.59,29.99,29.05,29.29,29.61,-0.3200000000000003,-1.08,25306.79,79236.749
002773.SZ,20191113,29.5,29.88,28.03,28.59,29.29,-0.6999999999999993,-2.39,64564.54,197201.652
002773.SZ,20191114,28.79,31.45,28.79,31.45,28.59,2.8599999999999994,10.0,92314.64,304524.667
002773.SZ,20191115,31.96,34.51,31.92,33.17,31.45,1.7200000000000024,5.47,175711.19,626133.55
002773.SZ,20191118,33.26,34.05,32.65,33.94,33.17,0.769999999999996,2.32,85606.64,304819.733
002773.SZ,20191119,33.91,34.68,33.4,33.94,33.94,0.0,0.0,77984.37,280945.167
002773.SZ,20191120,34.01,34.31,33.03,33.46,33.94,-0.4799999999999969,-1.41,60456.88,214711.41
002773.SZ,20191121,33.28,33.65,32.7,33.39,33.46,-0.07000000000000028,-0.21,51386.2,181684.171
002773.SZ,20191122,33.67,33.67,32.23,32.71,33.39,-0.6799999999999997,-2.04,58351.23,204056.133
002773.SZ,20191125,32.98,33.14,31.57,31.84,32.71,-0.870000000000001,-2.66,51215.15,174464.522
002773.SZ,20191126,32.11,32.14,31.17,31.17,31.84,-0.6699999999999982,-2.1,63933.27,215373.659
002773.SZ,20191127,31.59,32.08,31.13,31.5,31.17,0.3299999999999983,1.06,37711.9,126433.794
002773.SZ,20191128,31.35,34.65,30.97,34.65,31.5,3.1499999999999986,10.0,70783.65,250480.301
002773.SZ,20191129,37.42,38.12,36.08,37.4,34.65,2.75,7.94,263659.38,1055447.615
002773.SZ,20191202,36.86,38.22,35.25,38.22,37.4,0.8200000000000003,2.19,167568.56,662690.894
002773.SZ,20191203,37.22,37.51,35.41,36.91,38.22,-1.3100000000000023,-3.43,131682.61,511958.542
002773.SZ,20191204,36.94,37.41,36.08,36.59,36.91,-0.3199999999999932,-0.87,53435.03,207798.336
002773.SZ,20191205,36.65,37.03,36.24,36.32,36.59,-0.2700000000000031,-0.74,45006.59,175003.107
002773.SZ,20191206,36.0,36.64,35.94,36.32,36.32,0.0,0.0,41657.61,160567.661
002773.SZ,20191209,36.0,36.35,35.21,35.62,36.32,-0.7000000000000028,-1.93,52780.1,200308.673
002773.SZ,20191210,35.72,36.64,35.25,36.05,35.62,0.4299999999999997,1.21,57758.94,220156.013
002773.SZ,20191211,35.86,36.0,35.14,35.36,36.05,-0.6899999999999977,-1.91,42129.31,158471.227
002773.SZ,20191212,35.21,36.0,34.95,35.62,35.36,0.259999999999998,0.74,34731.58,131383.233
002773.SZ,20191213,36.06,36.77,35.02,35.67,35.62,0.05000000000000426,0.14,80713.38,306736.272
002773.SZ,20191216,35.67,35.78,35.03,35.68,35.67,0.00999999999999801,0.03,42584.96,160691.474
002773.SZ,20191217,35.68,37.41,35.68,36.44,35.68,0.759999999999998,2.13,73622.61,285632.663
002773.SZ,20191218,36.58,36.58,35.33,35.63,36.44,-0.8099999999999952,-2.22,49316.83,187402.41
002773.SZ,20191219,35.46,35.71,34.73,34.75,35.63,-0.8800000000000026,-2.47,47848.41,178116.742
002773.SZ,20191220,34.78,35.48,34.74,34.97,34.75,0.21999999999999886,0.63,33498.97,124804.336
002773.SZ,20191223,34.67,34.73,33.89,33.99,34.97,-0.9799999999999969,-2.8,36468.29,132866.459
002773.SZ,20191224,34.11,34.25,33.07,33.73,33.99,-0.2600000000000051,-0.76,76199.55,270780.323
002773.SZ,20191225,34.01,35.02,33.97,34.1,33.73,0.37000000000000455,1.1,80124.42,294293.492
002773.SZ,20191226,33.83,34.19,33.45,34.08,34.1,-0.020000000000003126,-0.06,27815.01,100333.371
002773.SZ,20191227,34.28,34.28,33.48,33.56,34.08,-0.519999999999996,-1.53,37432.66,134566.256
002773.SZ,20191230,33.74,33.95,33.05,33.82,33.56,0.259999999999998,0.77,38897.17,139206.159
002773.SZ,20191231,33.75,34.78,33.38,34.75,33.82,0.9299999999999997,2.75,57413.44,209655.21
002773.SZ,20200102,35.04,35.69,34.01,35.53,34.75,0.7800000000000011,2.24,73278.87,270671.612
002773.SZ,20200103,35.72,36.65,35.37,35.47,35.53,-0.060000000000002274,-0.17,51441.76,196316.42
002773.SZ,20200106,35.2,35.53,34.55,34.94,35.47,-0.5300000000000011,-1.49,41638.85,154987.072
002773.SZ,20200107,34.91,36.56,34.63,36.23,34.94,1.2899999999999991,3.69,57938.79,220552.194
002773.SZ,20200108,35.9,35.92,35.33,35.53,36.23,-0.6999999999999957,-1.93,30931.8,117161.033
002773.SZ,20200109,35.7,36.14,35.36,35.99,35.53,0.46000000000000085,1.29,40232.77,153588.767
002773.SZ,20200110,35.74,37.22,35.74,36.8,35.99,0.8099999999999952,2.25,51698.58,202100.766
002773.SZ,20200113,36.9,37.02,36.38,36.92,36.8,0.12000000000000455,0.33,30601.23,119359.297
002773.SZ,20200114,36.94,36.97,35.93,36.12,36.92,-0.8000000000000043,-2.17,29831.21,115218.526
002773.SZ,20200115,36.19,36.91,35.3,35.4,36.12,-0.7199999999999989,-1.99,50768.9,193901.009
002773.SZ,20200116,35.48,36.88,35.17,36.85,35.4,1.4500000000000028,4.1,52517.9,202078.98
002773.SZ,20200117,36.71,37.5,36.52,37.1,36.85,0.25,0.68,39473.53,155972.536
002773.SZ,20200120,37.7,37.74,36.37,36.57,37.1,-0.5300000000000011,-1.43,35157.45,137671.517
002773.SZ,20200121,36.3,37.48,36.28,36.67,36.57,0.10000000000000142,0.27,37891.64,147986.89
002773.SZ,20200122,36.76,37.2,35.82,36.64,36.67,-0.030000000000001137,-0.08,31535.4,122347.912
002773.SZ,20200123,36.33,36.84,35.48,35.95,36.64,-0.6899999999999977,-1.88,31003.8,119154.494
002773.SZ,20200203,32.81,34.48,32.71,32.91,35.95,-3.0400000000000063,-8.46,61337.16,215762.045
002773.SZ,20200204,32.23,34.4,32.23,34.29,32.91,1.3800000000000026,4.19,37189.53,133723.507
002773.SZ,20200205,34.4,35.06,33.72,34.99,34.29,0.7000000000000028,2.04,62141.78,226387.508
002773.SZ,20200206,34.77,36.24,34.42,35.55,34.99,0.5599999999999952,1.6,49714.52,187951.232
002773.SZ,20200207,35.68,35.93,34.59,35.21,35.55,-0.3399999999999963,-0.96,34945.19,130600.756
002773.SZ,20200210,35.23,35.39,34.12,34.51,35.21,-0.7000000000000028,-1.99,30863.27,112936.736
002773.SZ,20200211,34.5,34.89,34.03,34.76,34.51,0.25,0.72,27982.96,102731.206
002773.SZ,20200212,34.66,34.72,34.13,34.59,34.76,-0.1699999999999946,-0.49,35606.78,130163.326
002773.SZ,20200213,34.59,34.59,33.84,33.87,34.59,-0.720000000000006,-2.08,41731.29,150983.824
002773.SZ,20200214,34.18,34.2,33.46,33.55,33.87,-0.3200000000000003,-0.94,26837.33,96442.667
002773.SZ,20200217,33.77,34.09,33.33,34.0,33.55,0.45000000000000284,1.34,46904.42,168335.38
002773.SZ,20200218,34.0,34.0,33.53,33.84,34.0,-0.1599999999999966,-0.47,38490.46,138202.138
002773.SZ,20200219,33.89,33.92,33.14,33.15,33.84,-0.6900000000000048,-2.04,40339.73,143204.394
002773.SZ,20200220,33.09,33.62,33.07,33.45,33.15,0.30000000000000426,0.9,50992.09,180672.363
002773.SZ,20200221,33.45,33.45,32.8,33.26,33.45,-0.19000000000000483,-0.57,55061.87,194248.503
002773.SZ,20200224,33.09,33.26,32.61,33.15,33.26,-0.10999999999999943,-0.33,76582.27,268093.429
002773.SZ,20200225,32.85,33.08,32.65,33.02,33.15,-0.12999999999999545,-0.39,69062.71,241636.614
002773.SZ,20200226,33.16,33.16,31.96,31.96,33.02,-1.0600000000000023,-3.21,59992.23,207000.133
002773.SZ,20200227,31.96,32.59,31.77,32.38,31.96,0.4200000000000017,1.31,38623.28,132351.05
002773.SZ,20200228,31.83,32.07,30.64,31.11,32.38,-1.2700000000000031,-3.92,42565.31,141868.128
002773.SZ,20200302,31.49,33.13,31.21,33.01,31.11,1.8999999999999986,6.11,73280.15,252882.383
002773.SZ,20200303,33.74,34.37,33.25,33.59,33.01,0.5800000000000054,1.76,76603.53,276214.259
002773.SZ,20200304,33.62,33.62,32.72,33.31,33.59,-0.28000000000000114,-0.83,74274.55,260772.645
002773.SZ,20200305,33.08,34.66,32.88,34.29,33.31,0.9799999999999969,2.94,93412.8,336402.334
002773.SZ,20200306,33.93,35.43,33.82,34.51,34.29,0.21999999999999886,0.64,59031.41,218367.454
002773.SZ,20200309,34.49,34.86,33.37,34.17,34.51,-0.3399999999999963,-0.99,55048.56,200435.087
002773.SZ,20200310,34.78,34.85,32.85,34.05,34.17,-0.12000000000000455,-0.35,54071.96,194746.544
002773.SZ,20200311,34.02,34.19,33.06,33.06,34.05,-0.9899999999999949,-2.91,34917.45,124404.541
002773.SZ,20200312,32.9,33.33,32.14,32.91,33.06,-0.15000000000000568,-0.45,53176.6,184614.426
002773.SZ,20200313,31.83,34.08,31.5,33.89,32.91,0.980000000000004,2.98,62292.54,218638.621
002773.SZ,20200316,33.57,35.11,33.17,33.37,33.89,-0.5200000000000031,-1.53,72145.01,263705.128
002773.SZ,20200317,33.49,33.88,31.77,32.97,33.37,-0.3999999999999986,-1.2,38927.44,135747.096
002773.SZ,20200318,32.9,35.25,32.9,33.87,32.97,0.8999999999999986,2.73,74825.35,273858.28
002773.SZ,20200319,33.84,34.55,32.72,33.74,33.87,-0.12999999999999545,-0.38,45117.73,160867.177
002773.SZ,20200320,33.77,34.96,33.53,34.31,33.74,0.5700000000000003,1.69,52407.43,191443.604
002773.SZ,20200323,33.37,34.72,33.18,33.79,34.31,-0.5200000000000031,-1.52,34295.32,124570.915
002773.SZ,20200324,34.08,35.71,33.93,35.43,33.79,1.6400000000000006,4.85,58084.66,216496.738
002773.SZ,20200325,35.86,36.09,35.26,35.72,35.43,0.28999999999999915,0.82,43173.19,164183.066
002773.SZ,20200326,35.45,37.48,35.3,37.22,35.72,1.5,4.2,82857.68,325308.881
002773.SZ,20200327,37.18,38.53,36.89,37.88,37.22,0.6600000000000037,1.77,67992.31,275255.12
002773.SZ,20200330,37.89,38.61,36.19,36.84,37.88,-1.0399999999999991,-2.75,57643.71,227661.884
002773.SZ,20200331,37.28,37.5,36.33,37.01,36.84,0.1699999999999946,0.46,32996.47,129297.236
002773.SZ,20200401,36.82,36.85,35.78,35.78,37.01,-1.2299999999999969,-3.32,37890.88,146023.685
002773.SZ,20200402,35.97,35.97,34.76,35.58,35.78,-0.20000000000000284,-0.56,38812.2,145657.04
002773.SZ,20200403,35.36,37.77,35.36,36.35,35.58,0.7700000000000031,2.16,42130.99,163904.688
002773.SZ,20200407,36.63,37.2,36.03,36.56,36.35,0.21000000000000085,0.58,43822.36,169748.686
002773.SZ,20200408,36.05,38.06,36.01,37.45,36.56,0.8900000000000006,2.43,47581.5,188846.039
002773.SZ,20200409,37.69,39.73,37.25,39.52,37.45,2.0700000000000003,5.53,54125.84,224064.089
002773.SZ,20200410,39.52,40.63,38.12,38.25,39.52,-1.2700000000000031,-3.21,40087.9,166908.826
002773.SZ,20200413,38.54,38.82,37.42,37.71,38.25,-0.5399999999999991,-1.41,20726.76,83754.931
002773.SZ,20200414,38.11,38.24,37.41,38.07,37.71,0.35999999999999943,0.95,35693.1,143411.767
002773.SZ,20200415,37.97,39.27,37.67,38.08,38.07,0.00999999999999801,0.03,44277.71,180958.986
002773.SZ,20200416,37.84,38.67,37.44,38.03,38.08,-0.04999999999999716,-0.13,25393.38,102762.243
002773.SZ,20200417,38.06,38.52,36.94,36.95,38.03,-1.0799999999999983,-2.84,35515.13,140855.44
002773.SZ,20200420,37.16,37.53,36.71,37.2,36.95,0.25,0.68,22037.19,87254.532
002773.SZ,20200421,36.88,37.38,36.25,36.73,37.2,-0.47000000000000597,-1.26,22750.11,89052.631
002773.SZ,20200422,36.71,37.15,35.9,37.15,36.73,0.4200000000000017,1.14,30491.1,118802.751
002773.SZ,20200423,37.21,38.06,36.53,36.64,37.15,-0.509999999999998,-1.37,31421.27,123759.781
002773.SZ,20200424,36.47,36.8,35.62,35.86,36.64,-0.7800000000000011,-2.13,30293.82,116148.782
002773.SZ,20200427,36.24,36.46,35.38,36.19,35.86,0.3299999999999983,0.92,33868.18,129328.52
002773.SZ,20200428,36.44,36.91,35.17,36.47,36.19,0.28000000000000114,0.77,39533.63,152161.275
002773.SZ,20200429,36.66,37.03,35.73,36.82,36.47,0.3500000000000014,0.96,36361.82,141487.961
002773.SZ,20200430,36.75,37.5,35.9,36.07,36.82,-0.75,-2.04,39535.68,153706.152
002773.SZ,20200506,35.98,36.39,35.13,35.73,36.07,-0.3400000000000034,-0.94,47569.74,179809.381
002773.SZ,20200507,35.7,36.46,35.25,36.1,35.73,0.37000000000000455,1.04,32942.47,126065.057
002773.SZ,20200508,35.79,37.78,35.76,37.62,36.1,1.519999999999996,4.21,57488.81,227055.376
002773.SZ,20200511,37.54,38.18,35.81,35.87,37.62,-1.75,-4.65,60470.15,236113.102
002773.SZ,20200512,35.72,36.18,35.29,35.58,35.87,-0.28999999999999915,-0.81,46312.76,175807.694
002773.SZ,20200513,35.56,36.46,35.35,36.14,35.58,0.5600000000000023,1.57,36559.44,140184.182
002773.SZ,20200514,36.23,36.46,35.64,35.78,36.14,-0.35999999999999943,-1.0,22789.63,87076.326
002773.SZ,20200515,35.64,36.26,34.87,35.11,35.78,-0.6700000000000017,-1.87,41767.2,157258.982
002773.SZ,20200518,35.17,35.62,34.47,35.03,35.11,-0.0799999999999983,-0.23,47770.09,178183.807
002773.SZ,20200519,35.23,35.48,34.32,34.46,35.03,-0.5700000000000003,-1.63,52703.19,194102.675
002773.SZ,20200520,34.54,34.54,33.53,33.66,34.46,-0.8000000000000043,-2.32,54704.37,197016.508
002773.SZ,20200521,33.83,34.12,33.01,33.1,33.66,-0.5599999999999952,-1.66,43519.25,154883.725
002773.SZ,20200522,33.09,33.59,32.78,33.16,33.1,0.05999999999999517,0.18,31485.59,111243.764
002773.SZ,20200525,33.27,33.49,32.6,32.75,33.16,-0.4099999999999966,-1.24,24598.51,86135.089
002773.SZ,20200526,33.02,34.2,32.81,34.02,32.75,1.2700000000000031,3.88,43158.95,154464.005
002773.SZ,20200527,33.84,34.11,33.49,33.53,34.02,-0.490000000000002,-1.44,27713.67,99308.158
002773.SZ,20200528,33.45,33.76,32.57,32.99,33.53,-0.5399999999999991,-1.61,35117.25,123054.933
002773.SZ,20200529,33.0,33.44,32.8,33.43,32.99,0.4399999999999977,1.33,22936.67,81157.836
002773.SZ,20200601,33.43,34.55,33.43,34.41,33.43,0.9799999999999969,2.93,36339.33,132281.459
002773.SZ,20200602,34.4,34.4,33.81,34.12,34.41,-0.28999999999999915,-0.84,21900.1,79362.287
002773.SZ,20200603,34.15,35.43,33.57,33.63,34.12,-0.4899999999999949,-1.44,57930.7,211722.26
002773.SZ,20200604,33.8,34.43,33.47,34.12,33.63,0.4899999999999949,1.46,38075.77,138158.39
002773.SZ,20200605,34.31,34.52,33.72,33.82,34.12,-0.29999999999999716,-0.88,38206.05,137819.323
002773.SZ,20200608,34.13,35.1,33.82,35.0,33.82,1.1799999999999997,3.49,67179.98,247517.531
002773.SZ,20200609,35.41,36.57,35.17,36.3,35.0,1.2999999999999972,3.71,89347.22,341874.708
002773.SZ,20200610,36.22,37.48,36.22,37.23,36.3,0.9299999999999997,2.56,94252.26,371015.04
002773.SZ,20200611,37.04,40.23,37.04,38.78,37.23,1.5500000000000043,4.16,126312.05,520924.313
002773.SZ,20200612,38.69,39.96,38.32,39.6,38.78,0.8200000000000003,2.11,80067.49,331882.318
002773.SZ,20200615,39.55,40.54,39.16,39.83,39.6,0.22999999999999687,0.58,89302.59,377409.963
002773.SZ,20200616,39.98,41.53,39.76,40.49,39.83,0.6600000000000037,1.66,80124.58,343643.933
002773.SZ,20200617,40.94,41.69,40.56,41.09,40.49,0.6000000000000014,1.48,75141.37,326422.463
002773.SZ,20200618,40.99,41.32,39.72,40.67,41.09,-0.4200000000000017,-1.02,85722.45,365545.192
002773.SZ,20200619,40.67,42.04,40.34,41.81,40.67,1.1400000000000006,2.8,68385.15,299838.885
002773.SZ,20200622,41.73,42.21,40.6,40.83,41.81,-0.980000000000004,-2.34,81376.51,353588.585
002773.SZ,20200623,41.16,42.77,40.7,42.16,40.83,1.3299999999999983,3.26,77524.4,344398.59
002773.SZ,20200624,42.51,43.52,41.84,42.3,42.16,0.14000000000000057,0.33,72234.04,323929.954
002773.SZ,20200629,42.26,43.28,41.93,42.92,42.3,0.6200000000000045,1.47,49293.09,222726.396
002773.SZ,20200630,43.48,47.22,43.06,46.93,42.92,4.009999999999998,9.34,97487.92,476405.248
002773.SZ,20200701,47.04,47.04,42.87,44.17,46.93,-2.759999999999998,-5.88,122503.79,579080.149
002773.SZ,20200702,44.24,45.33,42.88,45.14,44.17,0.9699999999999989,2.2,92439.57,434591.674
002773.SZ,20200703,44.47,45.14,42.21,44.05,45.14,-1.0900000000000034,-2.41,96741.45,445473.147
002773.SZ,20200706,44.29,44.57,43.11,44.26,44.05,0.21000000000000085,0.48,79017.76,365966.807
002773.SZ,20200707,43.92,46.73,43.7,44.66,44.26,0.3999999999999986,0.9,73250.87,350751.901
002773.SZ,20200708,44.74,45.59,43.79,44.87,44.66,0.21000000000000085,0.47,78282.9,368715.375
002773.SZ,20200709,44.71,48.06,44.71,47.0,44.87,2.1300000000000026,4.75,85029.8,420232.019
002773.SZ,20200710,46.98,48.52,46.24,46.27,47.0,-0.7299999999999969,-1.55,63896.82,317575.498
002773.SZ,20200713,46.44,48.05,46.29,47.31,46.27,1.0399999999999991,2.25,70353.58,350066.88
002773.SZ,20200714,47.35,48.42,45.9,46.78,47.31,-0.5300000000000011,-1.12,80917.12,402608.629
002773.SZ,20200715,47.27,48.94,46.75,48.04,46.78,1.259999999999998,2.69,80048.3,405446.516
002773.SZ,20200716,47.89,48.26,43.24,43.24,48.04,-4.799999999999997,-9.99,85468.37,410764.201
002773.SZ,20200717,43.53,44.95,42.59,44.09,43.24,0.8500000000000014,1.97,58321.28,270267.682
002773.SZ,20200720,44.66,44.97,42.59,44.36,44.09,0.269999999999996,0.61,63356.05,293377.625
002773.SZ,20200721,43.88,46.54,43.83,45.99,44.36,1.6300000000000026,3.67,60466.89,291725.836
002773.SZ,20200722,45.88,46.54,45.28,46.07,45.99,0.0799999999999983,0.17,45508.73,221237.155
002773.SZ,20200723,45.52,46.93,44.55,46.93,46.07,0.8599999999999994,1.87,66140.78,321510.199
002773.SZ,20200724,46.71,46.71,42.96,43.02,46.93,-3.9099999999999966,-8.33,77310.91,365474.987
002773.SZ,20200727,43.51,44.57,42.77,43.95,43.02,0.9299999999999997,2.16,72013.28,333137.337
002773.SZ,20200728,44.25,46.46,43.82,45.81,43.95,1.8599999999999994,4.23,63483.32,304138.359
002773.SZ,20200729,46.08,47.68,45.67,46.46,45.81,0.6499999999999986,1.42,66707.76,329446.93
002773.SZ,20200730,46.84,47.37,45.87,46.06,46.46,-0.3999999999999986,-0.86,64087.24,315524.69
002773.SZ,20200731,46.65,46.95,44.83,45.2,46.06,-0.8599999999999994,-1.87,90464.65,435772.506
002773.SZ,20200803,45.43,45.59,44.38,44.5,45.2,-0.7000000000000028,-1.55,84680.51,399980.392
002773.SZ,20200804,45.01,46.26,43.75,44.4,44.5,-0.10000000000000142,-0.22,99766.94,473469.354
002773.SZ,20200805,44.29,47.17,43.41,47.16,44.4,2.759999999999998,6.22,110128.26,532043.656
002773.SZ,20200806,46.88,47.21,44.09,44.73,47.16,-2.4299999999999997,-5.15,136881.08,652502.441
002773.SZ,20200807,44.46,45.37,43.53,45.35,44.73,0.6200000000000045,1.39,72749.48,343334.816
002773.SZ,20200810,44.83,45.02,42.34,43.53,45.35,-1.8200000000000003,-4.01,93168.28,425792.993
002773.SZ,20200811,43.43,44.78,42.6,42.77,43.53,-0.759999999999998,-1.75,57226.01,264084.895
002773.SZ,20200812,42.47,42.77,40.53,41.58,42.77,-1.1900000000000048,-2.78,75143.49,328264.726
002773.SZ,20200813,41.39,41.83,40.69,41.44,41.58,-0.14000000000000057,-0.34,33268.85,145568.867
002773.SZ,20200814,41.19,41.78,40.8,41.49,41.44,0.05000000000000426,0.12,34862.37,151939.468
002773.SZ,20200817,41.49,42.02,40.97,41.75,41.49,0.259999999999998,0.63,42120.33,184902.153
002773.SZ,20200818,41.78,42.49,41.45,42.49,41.75,0.740000000000002,1.77,42024.89,186537.461
002773.SZ,20200819,42.3,42.3,40.8,40.81,42.49,-1.6799999999999997,-3.95,39707.29,174049.663
002773.SZ,20200820,41.05,41.42,40.22,41.17,40.81,0.35999999999999943,0.88,28928.38,125434.672
002773.SZ,20200821,41.16,41.92,40.82,41.05,41.17,-0.12000000000000455,-0.29,33587.47,146972.807
002773.SZ,20200824,41.48,42.35,40.73,42.23,41.05,1.1799999999999997,2.87,39780.68,175441.256
002773.SZ,20200825,42.23,43.27,41.79,42.71,42.23,0.480000000000004,1.14,45093.07,202731.747
002773.SZ,20200826,42.76,44.93,42.25,43.97,42.71,1.259999999999998,2.95,84131.9,391343.145
002773.SZ,20200827,44.45,44.76,43.7,44.05,43.97,0.0799999999999983,0.18,45841.5,214709.515
002773.SZ,20200828,44.4,46.84,44.37,46.55,44.05,2.5,5.68,71818.03,348061.375
002773.SZ,20200831,46.37,46.67,45.72,45.72,46.55,-0.8299999999999983,-1.78,55020.9,268299.132
002773.SZ,20200901,45.85,47.66,45.85,47.2,45.72,1.480000000000004,3.24,58876.5,292287.779
002773.SZ,20200902,47.12,47.43,46.2,46.79,47.2,-0.4100000000000037,-0.87,44176.78,217726.135
002773.SZ,20200903,46.46,49.09,46.46,47.9,46.79,1.1099999999999994,2.37,64199.54,326681.589
002773.SZ,20200904,47.17,48.17,46.37,47.54,47.9,-0.35999999999999943,-0.75,38218.03,191743.594
002773.SZ,20200907,47.56,48.56,46.76,47.45,47.54,-0.0899999999999963,-0.19,38241.27,192928.333
002773.SZ,20200908,46.95,49.77,46.62,48.43,47.45,0.9799999999999969,2.07,53335.26,272696.958
002773.SZ,20200909,48.17,48.69,45.0,45.32,48.43,-3.1099999999999994,-6.42,59907.35,294656.244
002773.SZ,20200910,45.88,47.31,45.15,45.27,45.32,-0.04999999999999716,-0.11,44541.59,216403.388
002773.SZ,20200911,45.27,46.18,44.6,45.46,45.27,0.18999999999999773,0.42,29438.4,140770.872
002773.SZ,20200914,45.38,45.74,43.56,44.01,45.46,-1.4500000000000028,-3.19,48786.02,229347.893
002773.SZ,20200915,44.17,45.15,43.74,44.83,44.01,0.8200000000000003,1.86,29696.03,140125.438
002773.SZ,20200916,44.83,45.18,43.63,43.82,44.83,-1.009999999999998,-2.25,21117.41,98779.543
002773.SZ,20200917,43.88,44.19,42.93,43.53,43.82,-0.28999999999999915,-0.66,30016.68,137888.905
002773.SZ,20200918,43.51,44.17,43.07,44.12,43.53,0.5899999999999963,1.36,28619.72,132293.352
002773.SZ,20200921,44.06,44.24,43.1,43.53,44.12,-0.5899999999999963,-1.34,47709.1,219472.847
002773.SZ,20200922,43.65,44.47,42.99,43.06,43.53,-0.46999999999999886,-1.08,44154.54,203867.312
002773.SZ,20200923,43.62,43.97,43.17,43.52,43.06,0.46000000000000085,1.07,29785.84,137192.846
002773.SZ,20200924,43.52,44.42,42.2,42.82,43.52,-0.7000000000000028,-1.61,33270.15,150255.259
002773.SZ,20200925,42.96,43.76,42.47,42.96,42.82,0.14000000000000057,0.33,23955.71,108695.556
002773.SZ,20200928,42.77,42.87,41.35,42.16,42.96,-0.8000000000000043,-1.86,41254.75,183335.374
002773.SZ,20200929,42.24,43.06,41.7,42.81,42.16,0.6500000000000057,1.54,27328.17,122801.266
002773.SZ,20200930,42.78,43.64,42.36,43.13,42.81,0.3200000000000003,0.75,30564.14,138986.429
002773.SZ,20201009,44.0,44.21,43.24,43.98,43.13,0.8499999999999943,1.97,39137.06,181226.19
002773.SZ,20201012,44.0,44.64,43.8,44.64,43.98,0.6600000000000037,1.5,50358.18,235686.942
002773.SZ,20201013,44.47,44.95,44.23,44.55,44.64,-0.09000000000000341,-0.2,46170.75,217331.493
002773.SZ,20201014,43.75,43.99,42.12,42.51,44.55,-2.039999999999999,-4.58,132759.68,601735.815
002773.SZ,20201015,42.49,42.87,41.9,42.04,42.51,-0.46999999999999886,-1.11,49056.42,219154.434
002773.SZ,20201016,42.02,42.1,40.33,40.62,42.04,-1.4200000000000017,-3.38,52617.53,227391.055
002773.SZ,20201019,40.47,40.69,39.74,40.07,40.62,-0.5499999999999972,-1.35,58526.26,248369.962
002773.SZ,20201020,40.31,40.41,39.82,40.41,40.07,0.3399999999999963,0.85,27496.89,116863.516
002773.SZ,20201021,40.56,40.81,39.44,39.68,40.41,-0.7299999999999969,-1.81,26573.19,112281.228
002773.SZ,20201022,39.36,39.54,38.92,39.02,39.68,-0.6599999999999966,-1.66,31860.07,131911.013
002773.SZ,20201023,39.09,39.34,37.85,38.1,39.02,-0.9200000000000017,-2.36,31046.71,126101.965
002773.SZ,20201026,38.18,39.89,38.18,39.86,38.1,1.759999999999998,4.62,45465.38,189547.395
002773.SZ,20201027,40.57,42.04,40.5,41.64,39.86,1.7800000000000011,4.47,69272.46,303850.216
002773.SZ,20201028,41.14,42.28,40.26,42.01,41.64,0.36999999999999744,0.89,50101.76,219996.943
002773.SZ,20201029,41.52,42.44,41.38,41.46,42.01,-0.5499999999999972,-1.31,43980.85,194839.544
002773.SZ,20201030,41.58,41.67,40.05,40.22,41.46,-1.240000000000002,-2.99,40267.27,172928.291
002773.SZ,20201102,40.27,41.87,40.27,40.59,40.22,0.37000000000000455,0.92,71434.61,308992.672
002773.SZ,20201103,41.34,41.98,40.55,41.62,40.59,1.029999999999994,2.54,40745.6,178215.644
002773.SZ,20201104,41.83,42.14,41.08,41.61,41.62,-0.00999999999999801,-0.02,36155.86,158968.284
002773.SZ,20201105,41.85,42.08,41.45,41.72,41.61,0.10999999999999943,0.26,43441.63,191860.812
002773.SZ,20201106,41.71,42.45,40.3,41.34,41.72,-0.37999999999999545,-0.91,49975.98,218006.868
002773.SZ,20201109,41.65,42.72,41.64,42.01,41.34,0.6699999999999946,1.62,68083.48,303035.714
002773.SZ,20201110,42.01,43.13,40.81,40.95,42.01,-1.0599999999999952,-2.52,71232.49,317385.358
002773.SZ,20201111,40.8,41.07,39.98,40.05,40.95,-0.9000000000000057,-2.2,35290.48,150934.625
002773.SZ,20201112,40.18,40.94,40.01,40.31,40.05,0.2600000000000051,0.65,23447.4,99836.131
002773.SZ,20201113,40.03,41.16,39.66,41.0,40.31,0.6899999999999977,1.71,32764.23,140774.355
002773.SZ,20201116,41.18,41.78,40.44,41.64,41.0,0.6400000000000006,1.56,26591.29,116296.215
002773.SZ,20201117,41.64,41.79,40.04,40.28,41.64,-1.3599999999999994,-3.27,29158.73,125044.299
002773.SZ,20201118,40.04,41.06,39.74,40.69,40.28,0.4099999999999966,1.02,29186.13,124924.507
002773.SZ,20201119,40.52,40.89,40.2,40.64,40.69,-0.04999999999999716,-0.12,18242.03,78188.273
002773.SZ,20201120,40.67,40.95,40.23,40.35,40.64,-0.28999999999999915,-0.71,16766.69,71748.479
002773.SZ,20201123,40.35,40.58,38.89,39.7,40.35,-0.6499999999999986,-1.61,45715.54,191253.316
002773.SZ,20201124,39.73,39.74,38.42,38.7,39.7,-1.0,-2.52,39116.07,160883.798
002773.SZ,20201125,38.67,39.05,38.04,38.29,38.7,-0.4100000000000037,-1.06,49630.13,201726.336
002773.SZ,20201126,38.31,38.49,36.79,37.71,38.29,-0.5799999999999983,-1.51,60695.05,240839.25
002773.SZ,20201127,37.84,39.04,37.48,39.04,37.71,1.3299999999999983,3.53,40110.33,163158.482
002773.SZ,20201130,39.74,42.75,39.36,42.01,39.04,2.969999999999999,7.61,105791.02,465454.934
002773.SZ,20201201,42.12,42.13,41.42,41.64,42.01,-0.36999999999999744,-0.88,44418.37,195878.425
002773.SZ,20201202,41.9,42.47,41.46,42.25,41.64,0.6099999999999994,1.46,50313.31,222848.019
002773.SZ,20201203,42.19,42.82,41.65,42.05,42.25,-0.20000000000000284,-0.47,35200.28,157911.511
002773.SZ,20201204,42.56,43.53,42.0,42.1,42.05,0.05000000000000426,0.12,44058.18,198507.318
002773.SZ,20201207,41.48,42.0,40.55,40.88,42.1,-1.2199999999999989,-2.9,61700.02,268363.347
002773.SZ,20201208,41.09,41.31,40.12,40.29,40.88,-0.5900000000000034,-1.44,33545.65,144059.345
002773.SZ,20201209,40.52,40.62,38.7,38.75,40.29,-1.5399999999999991,-3.82,36038.78,149679.93
002773.SZ,20201210,38.66,39.22,38.26,38.89,38.75,0.14000000000000057,0.36,37286.5,152673.83
002773.SZ,20201211,38.89,39.27,38.44,39.12,38.89,0.22999999999999687,0.59,38908.17,159983.41
002773.SZ,20201214,38.68,39.01,38.13,38.6,39.12,-0.519999999999996,-1.33,33746.42,137661.462
002773.SZ,20201215,38.52,39.97,38.37,39.92,38.6,1.3200000000000003,3.42,42654.42,178111.96
002773.SZ,20201216,39.84,40.5,39.44,40.31,39.92,0.39000000000000057,0.98,35566.86,149988.46
002773.SZ,20201217,40.41,41.51,40.31,40.69,40.31,0.37999999999999545,0.94,38034.37,163782.668
002773.SZ,20201218,40.5,41.27,40.04,40.18,40.69,-0.509999999999998,-1.25,22899.01,98228.822
002773.SZ,20201221,40.51,40.66,39.56,40.23,40.18,0.04999999999999716,0.12,26890.45,114170.52
002773.SZ,20201222,40.5,41.16,39.85,40.18,40.23,-0.04999999999999716,-0.12,29918.09,128126.544
002773.SZ,20201223,40.5,40.5,38.37,38.87,40.18,-1.3100000000000023,-3.26,42270.28,174078.463
002773.SZ,20201224,38.83,41.95,38.83,41.75,38.87,2.8800000000000026,7.41,79008.26,344151.958
002773.SZ,20201225,41.3,42.56,40.69,42.38,41.75,0.6300000000000026,1.51,40089.78,178299.592
002773.SZ,20201228,42.79,46.25,42.79,45.32,42.38,2.9399999999999977,6.94,96879.43,459736.842
002773.SZ,20201229,45.34,46.56,45.29,45.52,45.32,0.20000000000000284,0.44,70187.56,339224.87
002773.SZ,20201230,45.17,45.63,44.67,44.96,45.52,-0.5600000000000023,-1.23,39866.43,189739.245
002773.SZ,20201231,45.33,45.82,44.54,45.56,44.96,0.6000000000000014,1.33,57672.53,275198.445
002773.SZ,20210104,45.24,45.39,43.53,43.72,45.56,-1.8400000000000034,-4.04,77628.46,361593.231
002773.SZ,20210105,43.93,44.13,42.92,43.62,43.72,-0.10000000000000142,-0.23,53335.19,244818.21
002773.SZ,20210106,43.91,44.06,42.58,42.79,43.62,-0.8299999999999983,-1.9,43024.06,196032.817
002773.SZ,20210107,43.33,43.33,41.85,42.49,42.79,-0.29999999999999716,-0.7,48724.78,218393.99
002773.SZ,20210108,43.04,43.15,40.46,40.82,42.49,-1.6700000000000017,-3.93,61147.94,267358.699
002773.SZ,20210111,41.16,41.44,38.98,39.15,40.82,-1.6700000000000017,-4.09,60995.97,257692.569
002773.SZ,20210112,39.5,40.11,39.03,39.63,39.15,0.480000000000004,1.23,46909.93,196336.252
002773.SZ,20210113,39.65,39.65,37.76,38.05,39.63,-1.5800000000000054,-3.99,77372.09,313169.918
002773.SZ,20210114,38.22,38.46,37.74,37.78,38.05,-0.269999999999996,-0.71,51487.64,207005.537
002773.SZ,20210115,37.81,38.1,37.38,37.73,37.78,-0.05000000000000426,-0.13,48553.83,193015.936
002773.SZ,20210118,37.56,38.42,37.07,38.34,37.73,0.6100000000000065,1.62,46964.73,188584.915
002773.SZ,20210119,38.36,38.74,37.53,37.67,38.34,-0.6700000000000017,-1.75,42189.0,169527.029
002773.SZ,20210120,37.92,38.41,37.58,37.85,37.67,0.17999999999999972,0.48,67840.08,271720.128
002773.SZ,20210121,37.8,38.29,37.09,38.16,37.85,0.30999999999999517,0.82,45853.32,183354.365
002773.SZ,20210122,37.87,38.79,37.87,38.51,38.16,0.3500000000000014,0.92,49255.59,199096.175
002773.SZ,20210125,38.44,38.62,36.9,37.07,38.51,-1.4399999999999977,-3.74,58764.66,234109.991
002773.SZ,20210126,37.06,39.5,36.91,39.33,37.07,2.259999999999998,6.1,72322.79,296412.581
002773.SZ,20210127,39.0,39.0,37.85,38.51,39.33,-0.8200000000000003,-2.08,44412.58,179530.394
002773.SZ,20210128,38.12,39.08,37.76,38.41,38.51,-0.10000000000000142,-0.26,43364.59,176802.013
002773.SZ,20210129,38.6,39.34,37.85,38.47,38.41,0.060000000000002274,0.16,39243.46,160348.039
002773.SZ,20210201,38.7,38.92,37.74,38.15,38.47,-0.3200000000000003,-0.83,32127.03,129636.404
002773.SZ,20210202,38.21,38.67,37.48,37.66,38.15,-0.490000000000002,-1.28,50558.5,202750.566
002773.SZ,20210203,37.39,38.27,37.04,37.09,37.66,-0.5699999999999932,-1.51,47548.87,189168.245
002773.SZ,20210204,37.25,37.47,33.38,33.53,37.09,-3.5600000000000023,-9.6,103002.81,377357.772
002773.SZ,20210205,34.06,36.29,33.84,35.12,33.53,1.5899999999999963,4.74,85919.4,322574.234
002773.SZ,20210208,35.51,35.72,34.07,35.29,35.12,0.1700000000000017,0.48,46041.4,170359.071
002773.SZ,20210209,35.23,36.05,33.45,34.25,35.29,-1.0399999999999991,-2.95,112731.81,410813.01
002773.SZ,20210210,34.53,35.56,33.55,35.08,34.25,0.8299999999999983,2.42,67217.69,246693.775
002773.SZ,20210218,35.74,36.52,34.93,35.68,35.08,0.6000000000000014,1.71,42762.9,160807.248
002773.SZ,20210219,35.77,36.25,35.13,36.18,35.68,0.5,1.4,36856.22,139472.438
002773.SZ,20210222,36.19,36.71,35.25,36.46,36.18,0.28000000000000114,0.77,54253.68,207198.834
002773.SZ,20210223,36.16,36.33,35.39,35.96,36.46,-0.5,-1.37,37561.52,142192.254
002773.SZ,20210224,35.63,36.09,35.48,35.67,35.96,-0.28999999999999915,-0.81,28387.09,107232.293
002773.SZ,20210225,35.54,35.71,34.66,34.75,35.67,-0.9200000000000017,-2.58,29548.67,109634.584
002773.SZ,20210226,34.53,36.43,34.09,35.98,34.75,1.2299999999999969,3.54,49784.25,188778.906
002773.SZ,20210301,38.8,39.57,37.86,38.84,35.98,2.8600000000000065,7.95,108425.74,446464.072
002773.SZ,20210302,38.45,41.14,38.05,41.0,38.84,2.1599999999999966,5.56,102909.34,436964.458
002773.SZ,20210303,40.76,40.92,39.04,39.55,41.0,-1.4500000000000028,-3.54,60554.99,254381.152
002773.SZ,20210304,39.4,39.55,37.94,38.16,39.55,-1.3900000000000006,-3.51,41648.59,170818.575
002773.SZ,20210305,38.13,38.37,37.39,37.41,38.16,-0.75,-1.97,32894.84,131297.883
002773.SZ,20210308,37.74,38.5,35.68,35.84,37.41,-1.5699999999999932,-4.2,52905.6,206462.69
002773.SZ,20210309,35.97,36.71,35.58,35.59,35.84,-0.25,-0.7,39785.84,151689.928
002773.SZ,20210310,36.19,36.19,33.4,33.73,35.59,-1.8600000000000065,-5.23,99107.47,360095.449
002773.SZ,20210311,33.86,34.54,33.13,34.41,33.73,0.6799999999999997,2.02,50154.02,180346.418
002773.SZ,20210312,34.48,34.53,33.59,34.31,34.41,-0.09999999999999432,-0.29,37816.46,136090.422
002773.SZ,20210315,34.21,34.29,32.81,33.38,34.31,-0.9299999999999997,-2.71,58059.15,204918.794
002773.SZ,20210316,33.38,33.56,32.28,33.52,33.38,0.14000000000000057,0.42,40125.03,140187.59
002773.SZ,20210317,33.16,34.11,33.1,34.11,33.52,0.5899999999999963,1.76,22282.29,79249.361
002773.SZ,20210318,34.11,34.27,33.45,34.06,34.11,-0.04999999999999716,-0.15,34212.84,122599.319
002773.SZ,20210319,33.97,35.63,33.52,34.4,34.06,0.3399999999999963,1.0,48714.03,177577.956
002773.SZ,20210322,34.27,34.9,34.09,34.4,34.4,0.0,0.0,22295.12,81053.096
002773.SZ,20210323,34.4,34.4,33.33,33.59,34.4,-0.8099999999999952,-2.35,41263.64,147096.838
002773.SZ,20210324,33.4,33.97,33.31,33.8,33.59,0.20999999999999375,0.63,22707.5,80885.607
002773.SZ,20210325,34.05,34.12,33.49,33.75,33.8,-0.04999999999999716,-0.15,18823.47,67212.521
002773.SZ,20210326,33.75,34.79,33.75,34.79,33.75,1.0399999999999991,3.08,27280.31,99464.719
002773.SZ,20210329,31.63,32.69,31.31,31.31,34.79,-3.4800000000000004,-10.0,54699.83,181594.649
002773.SZ,20210330,29.81,30.28,28.18,28.34,31.31,-2.969999999999999,-9.49,216990.58,657958.836
002773.SZ,20210331,28.39,28.48,27.67,27.69,28.34,-0.6499999999999986,-2.29,94277.53,278002.343
002773.SZ,20210401,27.89,27.89,26.74,26.78,27.69,-0.9100000000000001,-3.29,156076.94,444581.064
002773.SZ,20210402,26.8,26.85,26.35,26.6,26.78,-0.17999999999999972,-0.67,89667.59,252431.839
002773.SZ,20210406,26.73,27.77,26.68,27.72,26.6,1.1199999999999974,4.21,118225.5,342331.8
002773.SZ,20210407,27.82,27.84,27.17,27.75,27.72,0.030000000000001137,0.11,61248.29,178263.994
002773.SZ,20210408,27.73,28.39,27.43,28.14,27.75,0.39000000000000057,1.41,86159.81,255186.029
002773.SZ,20210409,28.14,28.65,27.71,28.0,28.14,-0.14000000000000057,-0.5,69188.85,205365.012
002773.SZ,20210412,25.2,25.2,25.2,25.2,28.0,-2.8000000000000007,-10.0,13715.0,36523.045
002773.SZ,20210413,22.68,22.68,22.68,22.68,25.2,-2.5199999999999996,-10.0,12233.0,29322.501
002773.SZ,20210414,20.41,20.41,20.41,20.41,22.68,-2.2699999999999996,-10.01,103849.0,224002.293
002773.SZ,20210415,19.5,19.83,18.58,18.7,20.41,-1.7100000000000009,-8.38,543443.79,1090236.705
002773.SZ,20210416,18.64,19.65,18.64,19.2,18.7,0.5,2.67,402113.31,812722.439
002773.SZ,20210419,19.4,20.21,19.32,19.43,19.2,0.23000000000000043,1.2,324376.18,674590.641
002773.SZ,20210420,19.48,19.59,19.0,19.03,19.43,-0.3999999999999986,-2.06,290781.54,593929.488
002773.SZ,20210421,18.93,19.05,18.6,18.89,19.03,-0.14000000000000057,-0.74,227584.49,453440.86
002773.SZ,20210422,19.18,19.18,18.67,18.74,18.89,-0.15000000000000213,-0.79,175855.38,349239.102
002773.SZ,20210423,18.84,19.02,18.65,18.85,18.74,0.11000000000000298,0.59,183574.61,364886.508
002773.SZ,20210426,18.56,19.68,18.56,18.89,18.85,0.03999999999999915,0.21,359743.44,727257.117
002773.SZ,20210427,18.61,18.65,17.69,17.98,18.89,-0.9100000000000001,-4.82,323333.26,613051.38
002773.SZ,20210428,18.38,19.78,18.36,19.78,17.98,1.8000000000000007,10.01,363426.17,738269.924
002773.SZ,20210429,20.64,21.0,19.22,19.54,19.78,-0.240000000000002,-1.21,648876.69,1387625.263
002773.SZ,20210430,19.22,20.67,19.05,20.43,19.54,0.8900000000000006,4.55,467006.78,984027.488
002773.SZ,20210506,20.67,21.29,19.9,19.99,20.43,-0.4400000000000013,-2.15,413723.85,895877.148
002773.SZ,20210507,20.08,20.25,19.08,19.12,19.99,-0.8699999999999974,-4.35,296684.18,610133.554
002773.SZ,20210510,19.02,19.26,18.44,18.72,19.12,-0.40000000000000213,-2.09,236040.75,469358.874
002773.SZ,20210511,18.72,19.49,18.69,18.97,18.72,0.25,1.34,199349.35,400402.179
002773.SZ,20210512,18.86,19.68,18.4,19.65,18.97,0.6799999999999997,3.58,232032.55,469140.527
002773.SZ,20210513,19.4,20.48,19.31,20.07,19.65,0.4200000000000017,2.14,309926.72,654216.395
002773.SZ,20210514,20.15,20.43,19.79,19.87,20.07,-0.1999999999999993,-1.0,283983.52,602558.624
002773.SZ,20210517,19.93,20.67,19.93,20.06,19.87,0.18999999999999773,0.96,298657.9,639390.92
002773.SZ,20210518,20.24,20.61,20.09,20.15,20.06,0.08999999999999986,0.45,247625.25,531185.94
002773.SZ,20210519,20.17,20.32,19.78,20.08,20.15,-0.07000000000000028,-0.35,197740.79,419343.849
002773.SZ,20210520,20.35,20.39,19.73,19.98,20.08,-0.09999999999999787,-0.5,191080.18,403741.4
002773.SZ,20210521,20.09,20.21,19.88,19.91,19.98,-0.07000000000000028,-0.35,153901.12,325388.769
002773.SZ,20210524,19.5,19.84,19.29,19.56,19.91,-0.3500000000000014,-1.76,174434.7,359966.143
002773.SZ,20210525,19.54,20.24,19.44,19.74,19.56,0.17999999999999972,0.92,239478.06,501362.403
002773.SZ,20210526,19.57,20.11,19.35,19.82,19.74,0.08000000000000185,0.41,209973.3,437542.896
002773.SZ,20210527,19.84,21.81,19.83,21.81,19.82,1.9899999999999984,10.04,482487.39,1089318.522
002773.SZ,20210528,21.89,22.44,21.22,21.24,21.81,-0.5700000000000003,-2.61,571090.16,1312467.142
002773.SZ,20210531,21.28,23.31,21.01,23.14,21.24,1.9000000000000021,8.95,499665.84,1178311.017
002773.SZ,20210601,23.12,24.11,22.93,23.51,23.14,0.370000000000001,1.6,398317.36,985400.915
002773.SZ,20210602,23.31,23.48,22.64,22.78,23.51,-0.7300000000000004,-3.11,252369.18,614362.887
002773.SZ,20210603,22.76,23.25,22.38,22.41,22.78,-0.370000000000001,-1.62,232904.15,560787.894
002773.SZ,20210604,22.43,23.18,21.96,22.85,22.41,0.4400000000000013,1.96,200246.49,477956.43
002773.SZ,20210607,22.95,23.46,22.61,23.08,22.85,0.22999999999999687,1.01,198836.03,486477.106
002773.SZ,20210608,23.14,23.28,21.82,22.24,23.08,-0.8399999999999999,-3.64,238909.27,567794.08
002773.SZ,20210609,22.05,22.38,21.62,21.74,22.24,-0.5,-2.25,175237.9,405567.164
002773.SZ,20210610,21.74,22.08,21.68,21.79,21.74,0.05000000000000071,0.23,122080.48,281739.587
002773.SZ,20210611,21.81,22.46,21.67,21.86,21.79,0.07000000000000028,0.32,138156.78,319966.877
002773.SZ,20210615,21.81,21.81,20.68,20.7,21.86,-1.1600000000000001,-5.31,231674.61,513341.422
002773.SZ,20210616,20.63,21.0,20.24,20.68,20.7,-0.019999999999999574,-0.1,138442.52,300057.076
002773.SZ,20210617,20.63,20.89,20.27,20.5,20.68,-0.17999999999999972,-0.87,137972.09,297814.53
002773.SZ,20210618,20.51,20.9,20.18,20.83,20.5,0.3299999999999983,1.61,135344.43,292993.139
002773.SZ,20210621,20.95,22.12,20.95,21.56,20.83,0.7300000000000004,3.5,168513.07,382351.467
002773.SZ,20210622,21.56,22.15,21.34,21.51,21.56,-0.04999999999999716,-0.23,134724.64,306713.582
002773.SZ,20210623,21.35,21.5,20.29,20.83,21.51,-0.6800000000000033,-3.16,237029.55,518835.412
002773.SZ,20210624,20.79,21.09,20.54,20.67,20.83,-0.1599999999999966,-0.77,126801.78,277553.68
002773.SZ,20210625,20.78,20.95,20.5,20.95,20.67,0.2799999999999976,1.35,109128.14,238264.315
002773.SZ,20210628,20.86,21.65,20.63,21.39,20.95,0.4400000000000013,2.1,157853.11,351760.843
002773.SZ,20210629,21.4,22.33,21.39,22.19,21.39,0.8000000000000007,3.74,283612.52,656422.027
002773.SZ,20210630,22.24,22.45,21.76,21.98,22.19,-0.21000000000000085,-0.95,152012.51,351894.716
002773.SZ,20210701,21.92,22.24,21.68,21.72,21.98,-0.26000000000000156,-1.18,171126.36,396389.768
002773.SZ,20210702,21.72,21.77,20.78,20.8,21.72,-0.9199999999999982,-4.24,198347.14,439462.482
002773.SZ,20210705,20.64,20.83,20.18,20.54,20.8,-0.26000000000000156,-1.25,164013.82,352340.094
002773.SZ,20210706,20.57,21.06,20.29,20.64,20.54,0.10000000000000142,0.49,129033.94,278888.551
002773.SZ,20210707,20.43,20.77,20.35,20.64,20.64,0.0,0.0,86244.01,187081.508
002773.SZ,20210708,20.63,20.63,20.06,20.09,20.64,-0.5500000000000007,-2.66,134409.92,286308.82
002773.SZ,20210709,19.94,20.19,19.79,20.07,20.09,-0.019999999999999574,-0.1,82783.59,174186.57
002773.SZ,20210712,20.11,20.95,20.11,20.57,20.07,0.5,2.49,138723.87,300169.334
002773.SZ,20210713,20.62,20.76,20.27,20.56,20.57,-0.010000000000001563,-0.05,94296.26,203113.636
002773.SZ,20210714,20.53,20.96,20.42,20.44,20.56,-0.11999999999999744,-0.58,117726.21,256199.324
002773.SZ,20210715,20.42,20.63,20.12,20.25,20.44,-0.19000000000000128,-0.93,89221.44,190218.193
002773.SZ,20210716,20.32,20.59,20.14,20.44,20.25,0.19000000000000128,0.94,89563.87,191488.497
002773.SZ,20210719,20.39,20.41,20.11,20.21,20.44,-0.23000000000000043,-1.13,73225.06,155920.026
002773.SZ,20210720,20.1,20.3,20.06,20.12,20.21,-0.08999999999999986,-0.45,66840.9,141587.689
002773.SZ,20210721,20.13,20.22,19.62,19.64,20.12,-0.4800000000000004,-2.39,148280.64,309715.578
002773.SZ,20210722,19.56,19.56,18.79,19.0,19.64,-0.6400000000000006,-3.26,167524.91,335826.336
002773.SZ,20210723,18.91,19.18,18.39,18.46,19.0,-0.5399999999999991,-2.84,135754.47,267517.257
002773.SZ,20210726,18.43,19.18,17.93,18.78,18.46,0.3200000000000003,1.73,157012.45,305249.092
002773.SZ,20210727,18.53,18.69,17.95,17.95,18.78,-0.8300000000000018,-4.42,111279.3,213461.576
002773.SZ,20210728,17.77,18.14,17.35,17.4,17.95,-0.5500000000000007,-3.06,122865.0,227254.069
002773.SZ,20210729,17.57,17.67,17.36,17.44,17.4,0.0400000000000027,0.23,95056.95,174884.812
002773.SZ,20210730,17.43,17.72,17.03,17.68,17.44,0.23999999999999844,1.38,109032.02,199652.345
002773.SZ,20210802,17.6,18.01,17.28,18.01,17.68,0.33000000000000185,1.87,97608.5,182171.665
002773.SZ,20210803,17.97,18.37,17.88,18.18,18.01,0.16999999999999815,0.94,103595.85,198307.598
002773.SZ,20210804,18.18,18.26,17.89,18.01,18.18,-0.16999999999999815,-0.94,73692.49,139540.279
002773.SZ,20210805,17.91,18.25,17.68,17.7,18.01,-0.3100000000000023,-1.72,80162.78,151231.413
002773.SZ,20210806,17.66,17.66,17.38,17.49,17.7,-0.21000000000000085,-1.19,67690.42,124553.186
002773.SZ,20210809,17.46,18.37,17.39,18.25,17.49,0.7600000000000016,4.35,106654.84,201869.233
002773.SZ,20210810,18.25,18.44,17.95,18.32,18.25,0.07000000000000028,0.38,78225.63,149689.049
002773.SZ,20210811,18.42,18.42,18.09,18.27,18.32,-0.05000000000000071,-0.27,78569.42,150953.57
002773.SZ,20210812,18.26,18.38,17.95,17.96,18.27,-0.3099999999999987,-1.7,75836.82,144626.569
002773.SZ,20210813,18.15,18.19,17.77,18.06,17.96,0.09999999999999787,0.56,70840.82,134066.25
002773.SZ,20210816,18.21,18.39,18.08,18.11,18.06,0.05000000000000071,0.28,65131.71,124615.289
002773.SZ,20210817,18.08,18.1,17.57,17.62,18.11,-0.48999999999999844,-2.71,76596.11,143593.964
002773.SZ,20210818,17.61,17.76,17.45,17.65,17.62,0.029999999999997584,0.17,59379.71,109609.24
002773.SZ,20210819,17.56,17.8,17.5,17.54,17.65,-0.10999999999999943,-0.62,53711.33,99531.897
002773.SZ,20210820,17.47,17.47,16.99,17.28,17.54,-0.259999999999998,-1.48,84491.61,152625.264
002773.SZ,20210823,17.25,17.37,17.08,17.32,17.28,0.03999999999999915,0.23,64169.47,116523.559
002773.SZ,20210824,17.36,17.76,17.32,17.68,17.32,0.35999999999999943,2.08,86955.08,160897.565
002773.SZ,20210825,17.58,17.77,17.49,17.68,17.68,0.0,0.0,57948.93,107336.468
002773.SZ,20210826,17.6,17.67,17.32,17.35,17.68,-0.3299999999999983,-1.87,58869.77,108066.042
002773.SZ,20210827,17.31,17.93,17.16,17.72,17.35,0.36999999999999744,2.13,84427.45,156420.956
002773.SZ,20210830,17.96,17.96,17.31,17.37,17.72,-0.34999999999999787,-1.98,84443.79,156285.82
002773.SZ,20210831,17.34,17.35,17.01,17.09,17.37,-0.28000000000000114,-1.61,83865.74,150851.893
002773.SZ,20210901,17.05,17.58,16.76,17.55,17.09,0.46000000000000085,2.69,97095.6,176151.849
002773.SZ,20210902,17.41,17.44,17.16,17.25,17.55,-0.3000000000000007,-1.71,72107.75,130885.299
002773.SZ,20210903,17.25,17.56,17.14,17.43,17.25,0.17999999999999972,1.04,75791.1,138623.431
002773.SZ,20210906,17.44,18.02,17.37,17.91,17.43,0.4800000000000004,2.75,116163.49,218249.266
002773.SZ,20210907,18.23,18.71,18.06,18.13,17.91,0.21999999999999886,1.23,156168.29,301006.757
002773.SZ,20210908,18.05,18.42,17.97,18.3,18.13,0.1700000000000017,0.94,92135.8,176732.693
002773.SZ,20210909,18.33,18.43,18.09,18.23,18.3,-0.07000000000000028,-0.38,66852.25,128230.576
002773.SZ,20210910,18.21,18.32,17.96,17.99,18.23,-0.240000000000002,-1.32,68755.23,130705.144
002773.SZ,20210913,17.98,18.16,17.83,17.89,17.99,-0.09999999999999787,-0.56,59764.92,112865.321
002773.SZ,20210914,17.88,18.06,17.49,17.54,17.89,-0.3500000000000014,-1.96,89682.36,167625.046
002773.SZ,20210915,17.53,17.65,17.24,17.55,17.54,0.010000000000001563,0.06,56987.63,104809.523
002773.SZ,20210916,17.55,17.72,17.28,17.3,17.55,-0.25,-1.42,71338.02,131201.594
002773.SZ,20210917,17.37,17.71,17.23,17.62,17.3,0.3200000000000003,1.85,64491.85,118745.279
002773.SZ,20210922,17.49,17.96,17.42,17.7,17.62,0.0799999999999983,0.45,56735.21,105572.924
002773.SZ,20210923,17.67,17.96,17.6,17.93,17.7,0.23000000000000043,1.3,67143.14,125811.688
002773.SZ,20210924,17.93,17.94,17.68,17.71,17.93,-0.21999999999999886,-1.23,59742.39,111779.602
002773.SZ,20210927,17.72,17.98,17.63,17.79,17.71,0.0799999999999983,0.45,76856.59,144024.743
002773.SZ,20210928,17.78,17.89,17.56,17.6,17.79,-0.18999999999999773,-1.07,58508.45,109044.281
002773.SZ,20210929,17.44,17.53,17.12,17.17,17.6,-0.4299999999999997,-2.44,74892.08,135933.199
002773.SZ,20210930,17.22,17.57,17.22,17.42,17.17,0.25,1.46,46130.42,84537.686
002773.SZ,20211008,17.43,18.87,17.42,18.53,17.42,1.1099999999999994,6.37,179852.59,347123.627
002773.SZ,20211011,18.52,18.76,18.3,18.51,18.53,-0.019999999999999574,-0.11,95929.24,186737.785
002773.SZ,20211012,18.51,18.59,18.26,18.4,18.51,-0.11000000000000298,-0.59,76169.37,147128.12
002773.SZ,20211013,18.44,18.67,18.27,18.51,18.4,0.11000000000000298,0.6,74986.96,145634.328
002773.SZ,20211014,18.52,18.81,18.36,18.37,18.51,-0.14000000000000057,-0.76,77903.94,151918.227
002773.SZ,20211015,18.33,18.33,17.82,17.89,18.37,-0.4800000000000004,-2.61,94858.82,179807.2
002773.SZ,20211018,17.81,17.87,17.45,17.5,17.89,-0.39000000000000057,-2.18,78609.03,145065.113
002773.SZ,20211019,17.51,17.63,17.37,17.58,17.5,0.0799999999999983,0.46,54240.72,100008.911
002773.SZ,20211020,17.71,18.02,17.46,17.51,17.58,-0.06999999999999673,-0.4,69445.64,128770.158
002773.SZ,20211021,17.45,17.55,17.37,17.43,17.51,-0.08000000000000185,-0.46,45930.44,84324.096
002773.SZ,20211022,17.48,17.56,17.37,17.51,17.43,0.08000000000000185,0.46,42892.1,78868.28
002773.SZ,20211025,17.52,17.54,17.27,17.35,17.51,-0.16000000000000014,-0.91,43620.18,79575.423
002773.SZ,20211026,17.32,17.47,17.22,17.31,17.35,-0.0400000000000027,-0.23,34995.01,63867.463
002773.SZ,20211027,17.33,17.38,16.98,17.03,17.31,-0.2799999999999976,-1.62,58398.8,104989.271
002773.SZ,20211028,16.98,17.51,16.98,17.39,17.03,0.35999999999999943,2.11,62008.86,113037.529
002773.SZ,20211029,17.4,17.5,17.25,17.36,17.39,-0.030000000000001137,-0.17,43876.92,80288.811
002773.SZ,20211101,17.32,17.48,17.24,17.44,17.36,0.08000000000000185,0.46,39595.73,72408.631
002773.SZ,20211102,17.45,17.57,17.22,17.29,17.44,-0.15000000000000213,-0.86,58044.55,106124.712
002773.SZ,20211103,17.28,17.63,17.26,17.54,17.29,0.25,1.45,44459.18,81684.008
002773.SZ,20211104,17.54,17.65,17.45,17.62,17.54,0.08000000000000185,0.46,44907.09,83015.3
002773.SZ,20211105,17.54,18.01,17.47,17.87,17.62,0.25,1.42,75805.86,142230.186
002773.SZ,20211108,17.83,17.83,17.51,17.68,17.87,-0.19000000000000128,-1.06,47789.36,88580.145
002773.SZ,20211109,17.66,17.87,17.55,17.76,17.68,0.08000000000000185,0.45,44063.25,82236.13
002773.SZ,20211110,18.0,18.21,17.74,17.97,17.76,0.2099999999999973,1.18,88716.89,167504.352
002773.SZ,20211111,17.96,18.09,17.84,17.9,17.97,-0.07000000000000028,-0.39,55314.79,104349.641
002773.SZ,20211112,17.89,18.0,17.69,17.89,17.9,-0.00999999999999801,-0.06,56681.81,106351.26
002773.SZ,20211115,17.88,18.4,17.82,18.2,17.89,0.3099999999999987,1.73,103801.22,198936.487
002773.SZ,20211116,18.2,18.63,18.19,18.37,18.2,0.1700000000000017,0.93,105789.95,205581.75
002773.SZ,20211117,18.39,18.52,18.12,18.27,18.37,-0.10000000000000142,-0.54,60928.99,117031.345
002773.SZ,20211118,18.21,18.3,17.76,17.77,18.27,-0.5,-2.74,85450.0,161766.253
002773.SZ,20211119,17.82,18.08,17.75,18.05,17.77,0.28000000000000114,1.58,58043.07,109500.248
002773.SZ,20211122,18.09,18.18,17.87,17.95,18.05,-0.10000000000000142,-0.55,57923.51,109541.547
002773.SZ,20211123,17.95,18.21,17.82,18.14,17.95,0.19000000000000128,1.06,67724.1,128551.835
002773.SZ,20211124,18.12,18.12,17.92,18.04,18.14,-0.10000000000000142,-0.55,48154.17,91265.244
002773.SZ,20211125,18.04,18.25,17.98,18.12,18.04,0.08000000000000185,0.44,66656.67,127246.216
002773.SZ,20211126,18.13,18.2,17.87,17.89,18.12,-0.23000000000000043,-1.27,61671.24,116674.211
002773.SZ,20211129,17.82,18.2,17.63,17.77,17.89,-0.120000000000001,-0.67,74302.01,139350.22
002773.SZ,20211130,17.7,17.81,17.62,17.73,17.77,-0.03999999999999915,-0.23,52822.3,98361.77
002773.SZ,20211201,17.73,17.92,17.69,17.75,17.73,0.019999999999999574,0.11,61037.77,114227.747
002773.SZ,20211202,17.71,17.84,17.49,17.51,17.75,-0.23999999999999844,-1.35,66084.54,122691.461
002773.SZ,20211203,17.55,17.58,17.43,17.54,17.51,0.029999999999997584,0.17,41869.59,77149.86
002773.SZ,20211206,17.68,17.72,17.42,17.45,17.54,-0.08999999999999986,-0.51,48733.67,89985.572
002773.SZ,20211207,17.61,17.67,17.39,17.44,17.45,-0.00999999999999801,-0.06,43417.53,79822.79
002773.SZ,20211208,17.44,17.55,17.36,17.47,17.44,0.029999999999997584,0.17,44541.62,81747.185
002773.SZ,20211209,17.46,17.87,17.44,17.87,17.47,0.40000000000000213,2.29,87644.57,162961.822
002773.SZ,20211210,17.95,18.13,17.69,17.81,17.87,-0.060000000000002274,-0.34,121245.61,228219.974
002773.SZ,20211213,17.73,17.86,17.6,17.76,17.81,-0.04999999999999716,-0.28,65092.61,121618.586
002773.SZ,20211214,17.76,17.91,17.68,17.76,17.76,0.0,0.0,49980.29,93617.635
002773.SZ,20211215,17.75,17.82,17.54,17.55,17.76,-0.21000000000000085,-1.18,59862.72,111306.851
002773.SZ,20211216,17.56,17.61,17.44,17.6,17.55,0.05000000000000071,0.28,59143.14,109006.072
002773.SZ,20211217,17.57,17.58,17.37,17.4,17.6,-0.20000000000000284,-1.14,66719.7,122412.274
002773.SZ,20211220,17.36,17.5,17.28,17.3,17.4,-0.09999999999999787,-0.57,71284.93,130266.236
002773.SZ,20211221,17.27,17.49,17.26,17.47,17.3,0.16999999999999815,0.98,58479.54,107002.558
002773.SZ,20211222,17.55,17.66,17.4,17.61,17.47,0.14000000000000057,0.8,55017.09,101658.63
002773.SZ,20211223,17.58,17.64,17.42,17.45,17.61,-0.16000000000000014,-0.91,47115.94,86761.303
002773.SZ,20211224,17.47,17.9,17.33,17.67,17.45,0.22000000000000242,1.26,93940.34,174284.278
002773.SZ,20211227,17.68,18.18,17.63,18.14,17.67,0.46999999999999886,2.66,170341.54,322996.591
002773.SZ,20211228,18.2,18.36,17.95,18.05,18.14,-0.08999999999999986,-0.5,140655.83,268280.533
002773.SZ,20211229,18.14,18.37,17.98,18.11,18.05,0.05999999999999872,0.33,117643.5,224963.845
002773.SZ,20211230,18.09,18.21,17.91,18.17,18.11,0.060000000000002274,0.33,90056.5,171242.974
002773.SZ,20211231,18.23,19.58,18.12,19.34,18.17,1.1699999999999982,6.44,311499.42,620756.358
002773.SZ,20220104,19.78,21.22,19.56,20.15,19.34,0.8099999999999987,4.19,412491.28,884964.909
002773.SZ,20220105,20.25,20.25,19.2,19.3,20.15,-0.8499999999999979,-4.22,242237.39,497957.553
002773.SZ,20220106,19.38,19.93,19.27,19.71,19.3,0.41000000000000014,2.12,176971.56,364471.953
002773.SZ,20220107,19.72,19.96,19.11,19.29,19.71,-0.4200000000000017,-2.13,167618.91,344499.897
002773.SZ,20220110,19.29,19.73,19.11,19.61,19.29,0.3200000000000003,1.66,112157.7,230163.277
002773.SZ,20220111,19.91,20.06,19.51,19.67,19.61,0.060000000000002274,0.31,151729.05,316296.041
002773.SZ,20220112,19.66,19.88,19.45,19.77,19.67,0.09999999999999787,0.51,108064.07,223878.949
002773.SZ,20220113,19.69,19.87,19.13,19.16,19.77,-0.6099999999999994,-3.09,124544.68,254555.09
002773.SZ,20220114,19.1,19.66,19.0,19.38,19.16,0.21999999999999886,1.15,120203.87,245570.743
002773.SZ,20220117,19.62,20.05,19.39,19.75,19.38,0.370000000000001,1.91,122537.14,254204.6
002773.SZ,20220118,19.75,19.76,19.08,19.17,19.75,-0.5799999999999983,-2.94,121276.11,245917.678
002773.SZ,20220119,19.02,19.15,18.52,18.72,19.17,-0.45000000000000284,-2.35,116477.55,230229.806
002773.SZ,20220120,18.74,19.09,18.33,18.35,18.72,-0.36999999999999744,-1.98,100589.02,197140.082
002773.SZ,20220121,18.26,18.45,17.71,17.77,18.35,-0.5800000000000018,-3.16,111062.89,210360.085
002773.SZ,20220124,17.59,17.76,17.48,17.6,17.77,-0.16999999999999815,-0.96,67255.69,124709.73
002773.SZ,20220125,17.56,17.6,16.82,16.84,17.6,-0.7600000000000016,-4.32,124460.2,224178.496
002773.SZ,20220126,16.82,17.03,16.78,16.92,16.84,0.08000000000000185,0.48,77451.62,137522.032
002773.SZ,20220127,16.32,16.72,15.51,15.72,16.92,-1.200000000000001,-7.09,175071.62,295355.175
002773.SZ,20220128,15.74,16.0,15.53,15.72,15.72,0.0,0.0,67819.17,112278.751
002773.SZ,20220207,15.88,16.12,15.78,16.06,15.72,0.3399999999999981,2.16,53905.98,90680.524
002773.SZ,20220208,16.09,16.32,15.92,16.27,16.06,0.21000000000000085,1.31,51663.58,88054.1
002773.SZ,20220209,16.23,16.48,16.19,16.43,16.27,0.16000000000000014,0.98,50011.92,86124.253
002773.SZ,20220210,16.43,16.53,16.21,16.29,16.43,-0.14000000000000057,-0.85,42193.0,72557.128
002773.SZ,20220211,16.33,16.33,15.87,15.94,16.29,-0.34999999999999964,-2.15,59493.34,100365.819
002773.SZ,20220214,15.89,16.08,15.81,15.92,15.94,-0.019999999999999574,-0.13,34975.12,58716.061
002773.SZ,20220215,16.0,16.25,15.87,16.07,15.92,0.15000000000000036,0.94,41076.87,69445.945
002773.SZ,20220216,16.08,16.25,16.08,16.19,16.07,0.120000000000001,0.75,34390.84,58510.791
002773.SZ,20220217,16.19,16.2,15.91,15.94,16.19,-0.2500000000000018,-1.54,48778.18,82185.099
002773.SZ,20220218,15.85,16.03,15.8,16.01,15.94,0.07000000000000206,0.44,32596.17,54709.217
002773.SZ,20220221,15.97,16.22,15.97,16.22,16.01,0.2099999999999973,1.31,46303.72,78614.245
002773.SZ,20220222,16.32,16.36,16.05,16.22,16.22,0.0,0.0,67476.41,114986.158
002773.SZ,20220223,16.2,16.35,16.16,16.28,16.22,0.060000000000002274,0.37,51026.32,87309.567
002773.SZ,20220224,16.28,16.38,15.72,15.88,16.28,-0.40000000000000036,-2.46,78172.28,131998.369
002773.SZ,20220225,15.95,16.26,15.95,16.11,15.88,0.22999999999999865,1.45,61282.15,104088.174
002773.SZ,20220228,16.11,16.31,15.97,16.21,16.11,0.10000000000000142,0.62,43367.01,73520.833
002773.SZ,20220301,16.21,16.24,16.12,16.2,16.21,-0.010000000000001563,-0.06,34767.04,59180.037
002773.SZ,20220302,16.21,16.41,16.12,16.32,16.2,0.120000000000001,0.74,53862.22,92289.529
002773.SZ,20220303,16.35,16.47,16.28,16.35,16.32,0.030000000000001137,0.18,51201.65,88231.437
002773.SZ,20220304,16.3,16.77,16.24,16.45,16.35,0.09999999999999787,0.61,85456.01,148829.479
002773.SZ,20220307,16.44,16.45,16.01,16.08,16.45,-0.370000000000001,-2.25,59147.15,100514.695
002773.SZ,20220308,16.06,16.07,15.21,15.33,16.08,-0.7499999999999982,-4.66,84201.1,137919.514
002773.SZ,20220309,15.37,15.51,14.26,14.89,15.33,-0.4399999999999995,-2.87,96853.59,152023.138
002773.SZ,20220310,15.16,15.34,15.0,15.07,14.89,0.17999999999999972,1.21,56239.77,89677.488
002773.SZ,20220311,14.96,15.48,14.67,15.4,15.07,0.33000000000000007,2.19,77747.22,124066.138
002773.SZ,20220314,15.33,15.75,15.2,15.21,15.4,-0.1899999999999995,-1.23,64419.16,104937.857
002773.SZ,20220315,15.21,15.27,14.26,14.28,15.21,-0.9300000000000015,-6.11,91980.13,142779.718
002773.SZ,20220316,14.46,14.65,13.6,14.41,14.28,0.13000000000000078,0.91,100782.36,148942.527
002773.SZ,20220317,14.52,15.06,14.41,14.75,14.41,0.33999999999999986,2.36,91216.18,142118.393
002773.SZ,20220318,14.64,15.01,14.62,14.93,14.75,0.17999999999999972,1.22,50364.31,78789.683
002773.SZ,20220321,14.94,15.35,14.88,15.14,14.93,0.21000000000000085,1.41,63617.88,101207.258
002773.SZ,20220322,15.07,15.07,14.73,14.85,15.14,-0.2900000000000009,-1.92,51832.96,80959.028
002773.SZ,20220323,14.91,15.04,14.75,14.96,14.85,0.11000000000000121,0.74,39189.93,61492.13
002773.SZ,20220324,14.82,15.08,14.74,15.03,14.96,0.06999999999999851,0.47,50228.29,79040.887
002773.SZ,20220325,14.89,15.33,14.89,14.93,15.03,-0.09999999999999964,-0.67,62356.84,99285.997
002773.SZ,20220328,14.92,15.0,14.58,14.74,14.93,-0.1899999999999995,-1.27,45459.06,70436.69
002773.SZ,20220329,14.83,14.88,14.64,14.69,14.74,-0.05000000000000071,-0.34,38783.4,60146.13
002773.SZ,20220330,14.81,14.92,14.58,14.91,14.69,0.22000000000000064,1.5,53228.87,82755.523
002773.SZ,20220331,14.92,16.08,14.81,15.34,14.91,0.4299999999999997,2.88,168888.83,277118.378
002773.SZ,20220401,15.21,15.33,14.86,15.03,15.34,-0.3100000000000005,-2.02,82601.02,130339.306
002773.SZ,20220406,15.0,15.49,15.0,15.19,15.03,0.16000000000000014,1.06,67183.93,107973.371
002773.SZ,20220407,15.16,15.34,14.89,14.93,15.19,-0.2599999999999998,-1.71,58593.26,92853.341
002773.SZ,20220408,14.9,14.94,14.36,14.59,14.93,-0.33999999999999986,-2.28,59392.75,90973.0
002773.SZ,20220411,14.5,14.56,13.97,14.15,14.59,-0.4399999999999995,-3.02,63063.17,94361.611
002773.SZ,20220412,14.02,14.32,13.84,14.27,14.15,0.11999999999999922,0.85,45034.96,66594.145
002773.SZ,20220413,14.28,14.28,13.98,14.03,14.27,-0.2400000000000002,-1.68,34501.29,51041.449
002773.SZ,20220414,14.09,14.22,14.0,14.08,14.03,0.05000000000000071,0.36,26532.31,39401.956
002773.SZ,20220415,14.09,14.12,13.78,13.92,14.08,-0.16000000000000014,-1.14,34139.55,49915.521
002773.SZ,20220418,13.9,13.91,13.6,13.82,13.92,-0.09999999999999964,-0.72,26790.1,38780.928
002773.SZ,20220419,13.78,13.92,13.74,13.81,13.82,-0.009999999999999787,-0.07,22939.43,33371.24
002773.SZ,20220420,13.85,13.97,13.67,13.71,13.81,-0.09999999999999964,-0.72,32254.13,46949.315
002773.SZ,20220421,13.72,13.73,13.29,13.31,13.71,-0.40000000000000036,-2.92,55299.96,78066.586
002773.SZ,20220422,13.27,13.27,12.91,13.15,13.31,-0.16000000000000014,-1.2,60092.79,82674.504
002773.SZ,20220425,13.03,13.03,11.93,11.94,13.15,-1.2100000000000009,-9.2,67159.59,87650.191
002773.SZ,20220426,11.94,12.15,11.75,11.81,11.94,-0.129999999999999,-1.09,57871.98,72699.953
002773.SZ,20220427,11.6,12.04,11.36,12.03,11.81,0.21999999999999886,1.86,53579.14,65931.398
002773.SZ,20220428,11.96,12.04,11.64,11.78,12.03,-0.25,-2.08,28525.43,35511.988
002773.SZ,20220429,11.96,12.64,11.9,12.59,11.78,0.8100000000000005,6.88,70157.21,91333.307
002773.SZ,20220505,12.94,13.54,12.85,13.25,12.59,0.6600000000000001,5.24,93668.59,130631.678
002773.SZ,20220506,12.98,13.5,12.93,13.21,13.25,-0.03999999999999915,-0.3,65373.87,91455.328
002773.SZ,20220509,13.45,13.64,13.25,13.5,13.21,0.28999999999999915,2.2,58440.76,82897.323
002773.SZ,20220510,13.4,13.83,13.27,13.78,13.5,0.27999999999999936,2.07,70155.08,101069.661
002773.SZ,20220511,13.76,14.03,13.5,13.51,13.78,-0.2699999999999996,-1.96,77089.37,111612.309
002773.SZ,20220512,13.36,13.92,13.34,13.79,13.51,0.27999999999999936,2.07,66077.2,95527.015
002773.SZ,20220513,13.82,14.1,13.61,13.86,13.79,0.07000000000000028,0.51,42121.31,61137.662
002773.SZ,20220516,13.96,14.02,13.58,13.67,13.86,-0.1899999999999995,-1.37,40414.19,58355.459
002773.SZ,20220517,13.7,13.72,13.34,13.51,13.67,-0.16000000000000014,-1.17,38535.75,54606.286
002773.SZ,20220518,13.51,13.64,13.35,13.42,13.51,-0.08999999999999986,-0.67,31531.28,44729.314
002773.SZ,20220519,13.22,13.34,13.03,13.33,13.42,-0.08999999999999986,-0.67,37719.17,52322.536
002773.SZ,20220520,13.53,13.63,13.36,13.52,13.33,0.1899999999999995,1.43,33426.74,47444.509
002773.SZ,20220523,13.61,13.74,13.51,13.7,13.52,0.17999999999999972,1.33,31940.21,45905.184
002773.SZ,20220524,13.71,13.73,13.02,13.03,13.7,-0.6699999999999999,-4.89,48653.0,68434.327
002773.SZ,20220525,13.01,13.3,12.9,13.27,13.03,0.2400000000000002,1.84,27437.0,38085.447
002773.SZ,20220526,13.34,13.47,13.04,13.36,13.27,0.08999999999999986,0.68,33073.04,46218.363
002773.SZ,20220527,13.41,13.51,13.16,13.26,13.36,-0.09999999999999964,-0.75,24374.01,34218.757
002773.SZ,20220530,13.32,13.36,13.17,13.33,13.26,0.07000000000000028,0.53,19942.89,27885.3
002773.SZ,20220531,13.31,13.5,13.23,13.49,13.33,0.16000000000000014,1.2,33996.14,47928.138
002773.SZ,20220601,13.48,13.74,13.42,13.67,13.49,0.17999999999999972,1.33,47967.28,68875.945
002773.SZ,20220602,13.67,13.67,13.41,13.57,13.67,-0.09999999999999964,-0.73,36345.49,51597.066
002773.SZ,20220606,13.57,13.67,13.45,13.64,13.57,0.07000000000000028,0.52,36767.85,52511.268
002773.SZ,20220607,13.67,13.75,13.56,13.75,13.64,0.10999999999999943,0.81,41524.57,59698.011
002773.SZ,20220608,13.74,13.83,13.57,13.67,13.75,-0.08000000000000007,-0.58,45095.96,64465.827
002773.SZ,20220609,13.72,13.74,13.44,13.48,13.67,-0.1899999999999995,-1.39,38763.24,54905.495
002773.SZ,20220610,13.48,13.68,13.4,13.67,13.48,0.1899999999999995,1.41,36115.05,51242.51
002773.SZ,20220613,13.64,13.73,13.51,13.67,13.67,0.0,0.0,32013.09,45524.623
002773.SZ,20220614,13.68,13.68,13.29,13.65,13.67,-0.019999999999999574,-0.15,39912.34,56290.636
002773.SZ,20220615,13.73,13.93,13.65,13.74,13.65,0.08999999999999986,0.66,64981.79,93682.14
002773.SZ,20220616,13.73,14.1,13.73,14.05,13.74,0.3100000000000005,2.26,69615.01,101580.947
002773.SZ,20220617,13.92,14.32,13.77,14.21,14.05,0.16000000000000014,1.14,67368.02,99101.191
002773.SZ,20220620,14.31,14.6,14.17,14.29,14.21,0.0799999999999983,0.56,58181.62,87240.547
002773.SZ,20220621,14.3,14.55,14.16,14.31,14.29,0.02000000000000135,0.14,61461.32,92125.44
002773.SZ,20220622,14.29,14.42,14.1,14.15,14.31,-0.16000000000000014,-1.12,46171.14,68759.106
002773.SZ,20220623,14.15,14.21,13.98,14.13,14.15,-0.019999999999999574,-0.14,38549.93,56734.278
002773.SZ,20220624,14.13,14.26,14.1,14.15,14.13,0.019999999999999574,0.14,39554.76,58526.674
002773.SZ,20220627,14.31,14.4,14.09,14.17,14.15,0.019999999999999574,0.14,38693.59,57504.219
002773.SZ,20220628,14.24,14.3,13.97,14.3,14.17,0.13000000000000078,0.92,42813.64,63192.483
002773.SZ,20220629,14.31,14.43,14.11,14.12,14.3,-0.1800000000000015,-1.26,45263.99,67498.879
002773.SZ,20220630,14.12,14.4,14.12,14.3,14.12,0.1800000000000015,1.27,47436.71,70971.201
002773.SZ,20220701,14.41,14.44,14.19,14.29,14.3,-0.010000000000001563,-0.07,34539.92,51627.431
002773.SZ,20220704,14.32,14.57,14.19,14.57,14.29,0.28000000000000114,1.96,65493.91,98842.442
002773.SZ,20220705,14.58,14.67,14.23,14.41,14.57,-0.16000000000000014,-1.1,50802.62,76413.794
002773.SZ,20220706,14.38,14.56,14.06,14.16,14.41,-0.25,-1.73,39522.63,58822.11
002773.SZ,20220707,14.18,14.24,13.94,14.01,14.16,-0.15000000000000036,-1.06,39235.05,57472.134
002773.SZ,20220708,14.03,14.17,14.0,14.06,14.01,0.05000000000000071,0.36,32545.11,47846.519
002773.SZ,20220711,14.11,14.45,14.0,14.15,14.06,0.08999999999999986,0.64,51450.43,76245.74
002773.SZ,20220712,14.02,14.17,13.73,13.73,14.15,-0.41999999999999993,-2.97,47278.25,68439.821
002773.SZ,20220713,13.7,13.94,13.61,13.74,13.73,0.009999999999999787,0.07,34251.41,49240.755
002773.SZ,20220714,13.79,13.93,13.7,13.78,13.74,0.03999999999999915,0.29,26064.12,37633.061
002773.SZ,20220715,13.83,13.83,13.44,13.44,13.78,-0.33999999999999986,-2.47,37242.81,52914.294
002773.SZ,20220718,13.45,13.62,13.42,13.57,13.44,0.13000000000000078,0.97,25857.14,36606.569
002773.SZ,20220719,13.58,13.75,13.53,13.65,13.57,0.08000000000000007,0.59,30876.75,43981.159
002773.SZ,20220720,13.77,13.92,13.62,13.87,13.65,0.21999999999999886,1.61,34264.02,49505.865
002773.SZ,20220721,13.87,13.97,13.75,13.87,13.87,0.0,0.0,28454.24,41236.036
002773.SZ,20220722,13.88,14.05,13.63,13.71,13.87,-0.15999999999999837,-1.15,34102.99,49171.543
002773.SZ,20220725,13.68,13.9,13.62,13.72,13.71,0.009999999999999787,0.07,28247.65,40591.812
002773.SZ,20220726,13.72,13.72,13.54,13.66,13.72,-0.0600000000000005,-0.44,25974.13,36946.155
002773.SZ,20220727,13.67,13.73,13.57,13.68,13.66,0.019999999999999574,0.15,21332.54,30393.761
002773.SZ,20220728,13.74,13.82,13.62,13.73,13.68,0.05000000000000071,0.37,23832.56,34188.088
002773.SZ,20220729,13.72,13.79,13.47,13.49,13.73,-0.2400000000000002,-1.75,38539.88,54639.947
002773.SZ,20220801,13.56,13.6,13.4,13.6,13.49,0.10999999999999943,0.82,27073.89,38251.669
002773.SZ,20220802,13.56,13.56,12.74,12.85,13.6,-0.75,-5.51,74846.18,101547.725
002773.SZ,20220803,12.85,13.19,12.85,12.98,12.85,0.13000000000000078,1.01,43943.52,60014.541
002773.SZ,20220804,13.02,13.24,12.92,13.21,12.98,0.23000000000000043,1.77,33644.23,46116.087
002773.SZ,20220805,13.29,13.66,13.2,13.61,13.21,0.3999999999999986,3.03,42972.11,60506.761
002773.SZ,20220808,13.66,13.96,13.64,13.79,13.61,0.17999999999999972,1.32,46297.13,66688.878
002773.SZ,20220809,13.67,13.77,13.51,13.67,13.79,-0.11999999999999922,-0.87,26666.14,37930.433
002773.SZ,20220810,13.58,13.75,13.5,13.52,13.67,-0.15000000000000036,-1.1,22011.0,31210.04
002773.SZ,20220811,13.55,13.82,13.55,13.79,13.52,0.2699999999999996,2.0,26282.12,37682.804
002773.SZ,20220812,13.83,13.95,13.73,13.85,13.79,0.0600000000000005,0.44,25270.28,36596.026
002773.SZ,20220815,13.84,13.91,13.76,13.82,13.85,-0.02999999999999936,-0.22,21669.51,31273.219
002773.SZ,20220816,13.84,13.84,13.67,13.73,13.82,-0.08999999999999986,-0.65,19823.22,28467.244
002773.SZ,20220817,13.71,13.9,13.6,13.85,13.73,0.11999999999999922,0.87,27627.58,39693.469
002773.SZ,20220818,13.87,13.87,13.66,13.68,13.85,-0.16999999999999993,-1.23,21290.84,30471.44
002773.SZ,20220819,13.69,13.76,13.6,13.61,13.68,-0.07000000000000028,-0.51,16734.7,23891.431
002773.SZ,20220822,13.59,13.77,13.4,13.73,13.61,0.120000000000001,0.88,23053.03,32893.737
002773.SZ,20220823,13.81,13.81,13.61,13.63,13.73,-0.09999999999999964,-0.73,27100.74,38738.021
002773.SZ,20220824,13.67,14.99,13.65,14.99,13.63,1.3599999999999994,9.98,245519.07,378568.956
002773.SZ,20220825,14.84,15.29,14.51,14.66,14.99,-0.33000000000000007,-2.2,270356.35,418981.266
002773.SZ,20220826,14.66,14.92,14.5,14.84,14.66,0.17999999999999972,1.23,160849.5,247380.942
002773.SZ,20220829,14.65,15.01,14.4,14.5,14.84,-0.33999999999999986,-2.29,138397.76,210505.199
002773.SZ,20220830,14.45,14.72,14.43,14.6,14.5,0.09999999999999964,0.69,74316.19,112901.071
002773.SZ,20220831,14.55,15.4,14.43,15.0,14.6,0.40000000000000036,2.74,177173.02,274987.515
002773.SZ,20220901,14.93,15.75,14.82,15.19,15.0,0.1899999999999995,1.27,191368.34,305414.861
002773.SZ,20220902,15.0,15.27,14.68,14.85,15.19,-0.33999999999999986,-2.24,107076.75,166601.217
002773.SZ,20220905,14.75,14.9,14.51,14.84,14.85,-0.009999999999999787,-0.07,71402.13,109528.691
002773.SZ,20220906,14.78,14.83,14.6,14.78,14.84,-0.0600000000000005,-0.4,65336.5,100334.43
002773.SZ,20220907,14.78,14.78,14.42,14.52,14.78,-0.2599999999999998,-1.76,73675.02,111830.778
002773.SZ,20220908,14.45,14.75,14.45,14.59,14.52,0.07000000000000028,0.48,53554.04,81834.91
002773.SZ,20220909,14.62,14.79,14.51,14.71,14.59,0.120000000000001,0.82,60854.5,93235.628
002773.SZ,20220913,14.71,15.17,14.66,15.12,14.71,0.40999999999999837,2.79,109362.33,171438.94
002773.SZ,20220914,14.91,14.91,14.67,14.79,15.12,-0.33000000000000007,-2.18,64825.1,100180.411
002773.SZ,20220915,14.85,15.06,14.61,14.99,14.79,0.20000000000000107,1.35,81937.63,127295.918
002773.SZ,20220916,15.0,15.13,14.39,14.41,14.99,-0.5800000000000001,-3.87,86120.29,132854.835
002773.SZ,20220919,14.41,14.41,13.76,13.84,14.41,-0.5700000000000003,-3.96,83720.86,122187.591
002773.SZ,20220920,13.92,15.23,13.88,15.23,13.84,1.3900000000000006,10.04,214429.58,335609.983
002773.SZ,20220921,15.43,15.43,14.99,15.17,15.23,-0.0600000000000005,-0.39,209000.1,331694.144
002773.SZ,20220922,15.26,15.28,14.95,15.08,15.17,-0.08999999999999986,-0.59,97475.15,153558.129
002773.SZ,20220923,15.18,15.54,14.97,15.18,15.08,0.09999999999999964,0.66,175778.83,280196.385
002773.SZ,20220926,15.29,15.6,14.86,15.04,15.18,-0.14000000000000057,-0.92,130011.01,206805.118
002773.SZ,20220927,15.04,15.4,14.51,15.39,15.04,0.3500000000000014,2.33,134415.24,210621.594
002773.SZ,20220928,15.38,15.53,14.99,15.02,15.39,-0.370000000000001,-2.4,105742.2,168405.214
002773.SZ,20220929,15.23,15.6,15.2,15.51,15.02,0.4900000000000002,3.26,158751.01,255723.393
002773.SZ,20220930,15.37,16.81,15.32,15.96,15.51,0.45000000000000107,2.9,254784.18,427885.53
002773.SZ,20221010,16.03,16.74,15.74,16.04,15.96,0.0799999999999983,0.5,210475.46,357868.98
002773.SZ,20221011,15.97,15.98,15.26,15.36,16.04,-0.6799999999999997,-4.24,168299.86,272412.983
002773.SZ,20221012,15.15,15.35,14.42,15.28,15.36,-0.08000000000000007,-0.52,185276.82,287035.252
002773.SZ,20221013,14.93,16.52,14.7,16.41,15.28,1.1300000000000008,7.4,273799.85,457944.484
002773.SZ,20221014,16.18,17.4,16.18,16.79,16.41,0.379999999999999,2.32,375342.85,658048.597
002773.SZ,20221017,16.64,17.04,16.47,16.74,16.79,-0.05000000000000071,-0.3,222589.74,388997.046
002773.SZ,20221018,16.74,18.32,16.48,17.62,16.74,0.8800000000000026,5.26,347031.37,631506.901
002773.SZ,20221019,17.55,17.96,17.07,17.89,17.62,0.2699999999999996,1.53,258887.35,472680.547
002773.SZ,20221020,17.66,18.65,16.7,16.8,17.89,-1.0899999999999999,-6.09,362589.29,672435.425
002773.SZ,20221021,16.75,17.46,16.56,16.99,16.8,0.18999999999999773,1.13,207536.05,367513.158
002773.SZ,20221024,16.99,17.21,16.13,16.38,16.99,-0.6099999999999994,-3.59,196330.46,339103.877
002773.SZ,20221025,16.36,16.77,16.13,16.65,16.38,0.2699999999999996,1.65,146092.71,251345.197
002773.SZ,20221026,16.54,17.41,16.51,17.39,16.65,0.740000000000002,4.44,192428.8,345404.507
002773.SZ,20221027,17.39,17.85,16.96,17.29,17.39,-0.10000000000000142,-0.58,172401.89,312603.166
002773.SZ,20221028,17.07,17.48,16.69,16.8,17.29,-0.48999999999999844,-2.83,163318.48,291346.432
002773.SZ,20221031,16.73,17.13,16.41,16.9,16.8,0.09999999999999787,0.6,138009.4,242276.953
002773.SZ,20221101,16.82,17.2,16.16,16.71,16.9,-0.18999999999999773,-1.12,181382.8,314432.15
002773.SZ,20221102,16.56,17.04,16.16,16.27,16.71,-0.4400000000000013,-2.63,221554.17,385144.311
002773.SZ,20221103,16.09,16.33,15.79,16.18,16.27,-0.08999999999999986,-0.55,158708.67,265974.319
002773.SZ,20221104,16.18,16.77,16.18,16.42,16.18,0.240000000000002,1.48,133112.38,228355.914
002773.SZ,20221107,16.46,16.59,16.13,16.25,16.42,-0.1700000000000017,-1.04,104991.24,178984.37
002773.SZ,20221108,16.26,17.12,15.82,17.12,16.25,0.870000000000001,5.35,233071.64,403719.042
002773.SZ,20221109,16.95,17.37,16.91,16.98,17.12,-0.14000000000000057,-0.82,152770.3,273127.582
002773.SZ,20221110,16.91,17.22,16.58,16.68,16.98,-0.3000000000000007,-1.77,134242.11,237167.898
002773.SZ,20221111,16.95,17.19,15.98,16.01,16.68,-0.6699999999999982,-4.02,227666.92,396880.59
002773.SZ,20221114,15.86,16.78,15.77,16.53,16.01,0.5199999999999996,3.25,202128.9,347415.411
002773.SZ,20221115,16.64,16.66,16.1,16.5,16.53,-0.030000000000001137,-0.18,136990.85,233820.791
002773.SZ,20221116,16.63,16.69,16.14,16.18,16.5,-0.3200000000000003,-1.94,113049.22,193241.203
002773.SZ,20221117,16.11,16.4,16.06,16.28,16.18,0.10000000000000142,0.62,82715.36,140318.534
002773.SZ,20221118,16.22,16.91,16.22,16.75,16.28,0.46999999999999886,2.89,185878.59,323620.654
002773.SZ,20221121,16.7,17.15,16.51,17.03,16.75,0.28000000000000114,1.67,172045.51,304161.626
002773.SZ,20221122,17.08,17.4,16.11,16.22,17.03,-0.8100000000000023,-4.76,187245.78,326649.909
002773.SZ,20221123,16.16,16.29,15.5,15.84,16.22,-0.379999999999999,-2.34,141957.22,234226.547
002773.SZ,20221124,15.96,16.09,15.8,16.01,15.84,0.1700000000000017,1.07,65780.53,109707.002
002773.SZ,20221125,16.07,16.07,15.51,15.63,16.01,-0.3800000000000008,-2.37,69894.98,114641.462
002773.SZ,20221128,15.53,15.81,15.16,15.22,15.63,-0.41000000000000014,-2.62,95164.43,153060.569
002773.SZ,20221129,15.22,15.6,15.2,15.54,15.22,0.3199999999999985,2.1,71126.84,115189.633
002773.SZ,20221130,15.51,15.71,15.31,15.4,15.54,-0.1399999999999988,-0.9,75518.65,122277.373
002773.SZ,20221201,15.51,15.61,15.29,15.56,15.4,0.16000000000000014,1.04,74690.78,120590.491
002773.SZ,20221202,15.47,15.65,15.46,15.54,15.56,-0.02000000000000135,-0.13,53760.33,87293.09
002773.SZ,20221205,15.79,16.11,15.7,15.83,15.54,0.2900000000000009,1.87,98495.2,163489.878
002773.SZ,20221206,15.83,15.98,15.7,15.94,15.83,0.10999999999999943,0.69,71326.96,118352.451
002773.SZ,20221207,15.95,17.0,15.81,16.92,15.94,0.9800000000000022,6.15,209606.41,363956.393
002773.SZ,20221208,16.9,16.99,16.63,16.84,16.92,-0.08000000000000185,-0.47,106830.28,187834.448
002773.SZ,20221209,16.84,16.9,16.61,16.63,16.84,-0.21000000000000085,-1.25,72869.75,127235.967
002773.SZ,20221212,16.79,17.08,16.67,16.96,16.63,0.33000000000000185,1.98,109896.64,194178.385
002773.SZ,20221213,17.06,17.13,16.59,16.82,16.96,-0.14000000000000057,-0.83,82800.79,145222.413
002773.SZ,20221214,16.83,16.83,16.32,16.38,16.82,-0.4400000000000013,-2.62,73280.09,125957.251
002773.SZ,20221215,16.37,16.46,16.19,16.25,16.38,-0.129999999999999,-0.79,47934.45,81679.046
002773.SZ,20221216,16.23,16.54,16.22,16.34,16.25,0.08999999999999986,0.55,64677.84,110465.206
002773.SZ,20221219,16.32,16.39,15.31,15.49,16.34,-0.8499999999999996,-5.2,85734.48,141070.167
002773.SZ,20221220,15.53,15.58,15.03,15.05,15.49,-0.4399999999999995,-2.84,71846.74,113921.189
002773.SZ,20221221,15.12,15.31,14.82,14.91,15.05,-0.14000000000000057,-0.93,50261.54,79015.555
002773.SZ,20221222,15.02,15.15,14.71,14.82,14.91,-0.08999999999999986,-0.6,41457.28,64552.943
002773.SZ,20221223,14.75,15.04,14.75,14.96,14.82,0.14000000000000057,0.94,29267.28,45700.841
002773.SZ,20221226,14.97,15.16,14.96,15.02,14.96,0.05999999999999872,0.4,29914.09,47057.375
002773.SZ,20221227,15.01,15.03,14.67,14.77,15.02,-0.25,-1.66,41582.6,64223.042
002773.SZ,20221228,14.74,14.93,14.59,14.7,14.77,-0.07000000000000028,-0.47,32338.93,49780.941
002773.SZ,20221229,14.7,14.99,14.62,14.86,14.7,0.16000000000000014,1.09,36519.99,56652.574
002773.SZ,20221230,14.91,15.06,14.72,15.02,14.86,0.16000000000000014,1.08,32824.03,51176.313
002773.SZ,20230103,15.12,15.32,15.11,15.26,15.02,0.2400000000000002,1.6,39597.32,63062.425
002773.SZ,20230104,15.22,15.31,15.1,15.17,15.26,-0.08999999999999986,-0.59,30644.67,48681.932
002773.SZ,20230105,15.16,15.4,15.08,15.35,15.17,0.17999999999999972,1.19,37928.42,60632.815
002773.SZ,20230106,15.37,15.4,15.12,15.21,15.35,-0.1399999999999988,-0.91,34194.75,54594.388
002773.SZ,20230109,15.17,15.51,15.17,15.47,15.21,0.2599999999999998,1.71,36384.98,58524.509
002773.SZ,20230110,15.47,16.48,15.38,16.12,15.47,0.6500000000000004,4.2,119656.42,200916.777
002773.SZ,20230111,16.04,16.16,15.82,15.97,16.12,-0.15000000000000036,-0.93,49211.21,82121.405
002773.SZ,20230112,15.91,15.95,15.6,15.72,15.97,-0.25,-1.57,81002.68,133152.102
002773.SZ,20230113,15.71,16.12,15.61,16.0,15.72,0.27999999999999936,1.78,59338.29,98864.827
002773.SZ,20230116,16.01,16.58,16.01,16.41,16.0,0.41000000000000014,2.56,86957.28,148725.171
002773.SZ,20230117,16.34,16.57,16.24,16.35,16.41,-0.05999999999999872,-0.37,41640.82,71257.926
002773.SZ,20230118,16.37,16.72,16.33,16.51,16.35,0.16000000000000014,0.98,67150.16,116300.26
002773.SZ,20230119,16.95,17.01,16.52,16.86,16.51,0.34999999999999787,2.12,86093.34,151335.581
002773.SZ,20230120,16.82,17.38,16.82,17.25,16.86,0.39000000000000057,2.31,103500.76,186506.083
002773.SZ,20230130,17.31,17.73,16.85,16.92,17.25,-0.3299999999999983,-1.91,87646.93,156922.244
002773.SZ,20230131,16.91,17.08,16.5,16.64,16.92,-0.28000000000000114,-1.65,83343.88,145635.842
002773.SZ,20230201,16.74,17.35,16.61,17.32,16.64,0.6799999999999997,4.09,107847.59,192366.234
002773.SZ,20230202,17.23,17.47,17.18,17.37,17.32,0.05000000000000071,0.29,72500.52,131223.867
002773.SZ,20230203,17.32,17.49,16.87,17.02,17.37,-0.3500000000000014,-2.01,63342.46,113349.909
002773.SZ,20230206,16.93,17.2,16.86,16.92,17.02,-0.09999999999999787,-0.59,38286.72,67947.481
002773.SZ,20230207,17.06,17.06,16.65,16.7,16.92,-0.22000000000000242,-1.3,51233.38,89750.837
002773.SZ,20230208,16.7,16.9,16.59,16.64,16.7,-0.05999999999999872,-0.36,37762.06,65988.537
002773.SZ,20230209,16.64,16.89,16.61,16.85,16.64,0.21000000000000085,1.26,38871.16,68084.478
002773.SZ,20230210,16.83,17.02,16.65,16.75,16.85,-0.10000000000000142,-0.59,30451.92,53379.766
002773.SZ,20230213,16.77,17.06,16.77,16.95,16.75,0.1999999999999993,1.19,45228.99,79962.79
002773.SZ,20230214,16.95,17.04,16.77,17.04,16.95,0.08999999999999986,0.53,40137.12,70958.608
002773.SZ,20230215,17.07,17.07,16.63,16.79,17.04,-0.25,-1.47,65570.68,114995.798
002773.SZ,20230216,16.93,17.31,16.71,16.83,16.79,0.03999999999999915,0.24,86476.27,154062.649
002773.SZ,20230217,16.83,17.21,16.61,16.88,16.83,0.05000000000000071,0.3,56745.84,100641.437
002773.SZ,20230220,16.94,17.03,16.51,17.0,16.88,0.120000000000001,0.71,58064.95,101618.359
002773.SZ,20230221,16.99,17.17,16.92,17.04,17.0,0.03999999999999915,0.24,38533.0,68557.577
002773.SZ,20230222,17.02,17.22,16.88,17.04,17.04,0.0,0.0,35795.23,63758.879
002773.SZ,20230223,16.95,17.11,16.76,16.83,17.04,-0.21000000000000085,-1.23,39886.62,70437.157
002773.SZ,20230224,16.96,17.12,16.8,16.85,16.83,0.020000000000003126,0.12,41090.2,72690.247
002773.SZ,20230227,16.81,17.02,16.56,16.65,16.85,-0.20000000000000284,-1.19,36334.39,63419.863
002773.SZ,20230228,16.67,17.06,16.65,17.06,16.65,0.41000000000000014,2.46,59128.45,104763.378
002773.SZ,20230301,17.19,17.2,16.9,17.18,17.06,0.120000000000001,0.7,52237.94,93284.023
002773.SZ,20230302,17.18,17.18,16.93,16.95,17.18,-0.23000000000000043,-1.34,33645.28,59788.482
002773.SZ,20230303,16.98,17.15,16.87,16.92,16.95,-0.029999999999997584,-0.18,29746.37,52742.582
002773.SZ,20230306,16.94,17.27,16.83,17.25,16.92,0.3299999999999983,1.95,55115.89,98683.378
002773.SZ,20230307,17.3,17.47,16.85,16.87,17.25,-0.379999999999999,-2.2,60389.13,108036.772
002773.SZ,20230308,16.77,16.92,16.68,16.76,16.87,-0.10999999999999943,-0.65,40688.28,71371.368
002773.SZ,20230309,16.82,16.93,16.64,16.87,16.76,0.10999999999999943,0.66,40767.82,71581.907
002773.SZ,20230310,16.76,17.01,16.47,16.81,16.87,-0.060000000000002274,-0.36,47715.29,83262.118
002773.SZ,20230313,16.81,17.33,16.62,17.26,16.81,0.45000000000000284,2.68,82734.24,147414.551
002773.SZ,20230314,17.26,18.06,17.23,17.39,17.26,0.129999999999999,0.75,139851.8,257598.973
002773.SZ,20230315,17.5,17.98,17.45,17.65,17.39,0.259999999999998,1.5,102406.33,189899.501
002773.SZ,20230316,17.49,18.5,17.49,18.14,17.65,0.490000000000002,2.78,168657.2,320464.321
002773.SZ,20230317,18.38,18.64,17.8,17.92,18.14,-0.21999999999999886,-1.21,138256.36,263266.969
002773.SZ,20230320,17.99,18.1,17.54,17.9,17.92,-0.020000000000003126,-0.11,88661.41,164921.227
002773.SZ,20230321,17.9,18.21,17.84,17.97,17.9,0.07000000000000028,0.39,58803.84,110929.485
002773.SZ,20230322,18.0,18.24,17.75,17.8,17.97,-0.16999999999999815,-0.95,66584.82,124734.489
002773.SZ,20230323,17.86,17.9,17.51,17.53,17.8,-0.2699999999999996,-1.52,65915.02,121388.256
002773.SZ,20230324,17.53,17.66,17.24,17.25,17.53,-0.28000000000000114,-1.6,57572.28,104613.058
002773.SZ,20230327,17.23,17.41,17.01,17.09,17.25,-0.16000000000000014,-0.93,55564.6,99680.978
002773.SZ,20230328,17.13,17.28,16.94,17.08,17.09,-0.010000000000001563,-0.06,49830.3,89168.558
002773.SZ,20230329,17.21,17.21,16.79,16.94,17.08,-0.13999999999999702,-0.82,55909.55,99174.652
002773.SZ,20230330,16.96,16.99,16.62,16.86,16.94,-0.08000000000000185,-0.47,51461.93,90221.978
002773.SZ,20230331,16.93,17.69,16.86,17.59,16.86,0.7300000000000004,4.33,97378.33,177344.302
002773.SZ,20230403,17.71,18.19,17.47,17.54,17.59,-0.05000000000000071,-0.28,116726.28,216861.528
002773.SZ,20230404,17.64,17.96,17.54,17.76,17.54,0.22000000000000242,1.25,69365.21,128768.488
002773.SZ,20230406,17.77,17.92,17.52,17.69,17.76,-0.07000000000000028,-0.39,48599.95,89691.653
002773.SZ,20230407,17.8,17.94,17.64,17.89,17.69,0.1999999999999993,1.13,57827.18,107780.86
002773.SZ,20230410,17.83,17.99,17.59,17.92,17.89,0.030000000000001137,0.17,59002.52,109937.01
002773.SZ,20230411,17.88,18.23,17.72,18.18,17.92,0.259999999999998,1.45,80152.65,150794.758
002773.SZ,20230412,18.11,18.33,18.01,18.13,18.18,-0.05000000000000071,-0.28,70915.87,134556.134
002773.SZ,20230413,18.02,18.36,17.96,18.19,18.13,0.060000000000002274,0.33,66052.73,125778.196
002773.SZ,20230414,18.33,18.62,18.13,18.57,18.19,0.379999999999999,2.09,112992.44,217621.089
002773.SZ,20230417,18.56,18.84,18.39,18.59,18.57,0.019999999999999574,0.11,73366.78,142228.824
002773.SZ,20230418,18.59,18.62,18.23,18.28,18.59,-0.3099999999999987,-1.67,60813.56,116703.118
002773.SZ,20230419,18.28,18.54,18.07,18.36,18.28,0.0799999999999983,0.44,76219.98,145738.343
002773.SZ,20230420,18.24,18.5,17.99,18.42,18.36,0.060000000000002274,0.33,81046.51,155073.336
002773.SZ,20230421,18.38,18.57,18.18,18.24,18.42,-0.18000000000000327,-0.98,64304.28,123469.694
002773.SZ,20230424,18.24,18.33,17.78,17.9,18.24,-0.33999999999999986,-1.86,69119.96,129994.6
002773.SZ,20230425,17.87,18.11,17.64,17.9,17.9,0.0,0.0,78302.5,145982.11
002773.SZ,20230426,17.89,18.09,17.57,17.91,17.9,0.010000000000001563,0.06,57284.92,106969.506
002773.SZ,20230427,17.98,18.57,17.91,18.48,17.91,0.5700000000000003,3.18,80009.93,153994.004
002773.SZ,20230428,18.28,18.28,17.06,17.72,18.48,-0.7600000000000016,-4.11,157396.51,288677.137
002773.SZ,20230504,17.71,18.47,17.53,18.2,17.72,0.4800000000000004,2.71,93301.31,176643.584
002773.SZ,20230505,18.26,18.31,17.51,17.53,18.2,-0.6699999999999982,-3.68,74792.62,138384.592
002773.SZ,20230508,17.53,17.73,17.11,17.15,17.53,-0.38000000000000256,-2.17,63387.27,114631.523
002773.SZ,20230509,17.17,17.29,16.92,16.96,17.15,-0.18999999999999773,-1.11,53231.62,94949.099
002773.SZ,20230510,16.96,16.96,16.59,16.75,16.96,-0.21000000000000085,-1.24,69781.82,122166.803
002773.SZ,20230511,16.73,17.17,16.73,16.77,16.75,0.019999999999999574,0.12,47635.71,84251.668
002773.SZ,20230512,16.77,16.91,16.52,16.52,16.77,-0.25,-1.49,40171.6,70070.661
002773.SZ,20230515,16.49,16.64,16.11,16.57,16.52,0.05000000000000071,0.3,68432.9,116806.736
002773.SZ,20230516,16.57,16.93,16.53,16.86,16.57,0.28999999999999915,1.75,77788.86,136296.285
002773.SZ,20230517,16.76,16.85,16.68,16.77,16.86,-0.08999999999999986,-0.53,29643.56,51873.367
002773.SZ,20230518,16.8,16.84,16.47,16.58,16.77,-0.19000000000000128,-1.13,27681.04,48128.16
002773.SZ,20230519,16.58,16.99,16.41,16.86,16.58,0.28000000000000114,1.69,41251.28,72460.44
002773.SZ,20230522,16.87,18.55,16.87,18.55,16.86,1.6900000000000013,10.02,252128.05,479402.876
002773.SZ,20230523,18.54,19.29,18.4,18.66,18.55,0.10999999999999943,0.59,288994.12,568128.138
002773.SZ,20230524,18.55,19.55,18.26,19.3,18.66,0.6400000000000006,3.43,245978.1,489455.82
002773.SZ,20230525,19.14,19.15,18.27,18.56,19.3,-0.740000000000002,-3.83,130746.64,254828.188
002773.SZ,20230526,18.49,19.23,18.41,18.97,18.56,0.41000000000000014,2.21,109670.48,216128.062
002773.SZ,20230529,19.0,20.24,18.81,19.69,18.97,0.7200000000000024,3.8,199068.26,407974.682
002773.SZ,20230530,19.62,20.06,19.43,19.86,19.69,0.16999999999999815,0.86,107037.69,221017.511
002773.SZ,20230531,19.72,20.82,19.72,20.48,19.86,0.620000000000001,3.12,182933.96,391685.047
002773.SZ,20230601,20.38,20.48,19.89,20.07,20.48,-0.41000000000000014,-2.0,93193.25,195731.664
002773.SZ,20230602,19.88,20.19,19.7,19.81,20.07,-0.26000000000000156,-1.3,66466.49,138223.632
002773.SZ,20230605,19.81,20.18,19.52,19.8,19.81,-0.00999999999999801,-0.05,86700.88,179016.076
002773.SZ,20230606,19.84,19.84,18.83,18.93,19.81,-0.879999999999999,-4.44,129229.63,257333.662
002773.SZ,20230607,19.18,19.4,18.94,19.13,18.93,0.1999999999999993,1.06,56829.53,112923.046
002773.SZ,20230608,19.13,19.23,18.8,18.87,19.13,-0.259999999999998,-1.36,46516.91,91351.688
002773.SZ,20230609,19.08,19.21,18.72,18.92,18.87,0.05000000000000071,0.26,57979.48,113679.984
002773.SZ,20230612,19.04,19.04,18.41,18.54,18.92,-0.38000000000000256,-2.01,86407.87,166791.632
002773.SZ,20230613,18.58,18.58,17.94,18.03,18.54,-0.509999999999998,-2.75,111960.92,210765.823
002773.SZ,20230614,17.99,18.29,17.86,18.19,18.03,0.16000000000000014,0.89,67554.92,127182.721
002773.SZ,20230615,18.13,18.69,17.85,18.46,18.19,0.2699999999999996,1.48,84096.16,160311.667
002773.SZ,20230616,18.61,18.8,18.32,18.42,18.46,-0.03999999999999915,-0.22,59740.78,114609.361
002773.SZ,20230619,18.42,18.74,18.13,18.24,18.42,-0.18000000000000327,-0.98,75138.39,142907.364
002773.SZ,20230620,18.27,18.64,18.03,18.04,18.24,-0.1999999999999993,-1.1,111763.21,211802.063
002773.SZ,20230621,18.17,18.17,17.64,17.65,18.04,-0.39000000000000057,-2.16,66909.66,123523.852
002773.SZ,20230626,17.64,17.71,17.35,17.45,17.65,-0.1999999999999993,-1.13,53180.56,96507.064
002773.SZ,20230627,17.46,17.79,17.32,17.74,17.45,0.28999999999999915,1.66,58099.47,106082.063
002773.SZ,20230628,17.74,17.83,17.47,17.67,17.74,-0.06999999999999673,-0.39,30987.37,56703.286
002773.SZ,20230629,17.65,18.23,17.6,18.15,17.67,0.4799999999999969,2.72,55162.77,103029.884
002773.SZ,20230630,18.08,18.54,18.05,18.44,18.15,0.2900000000000027,1.6,58904.38,112357.264
002773.SZ,20230703,18.42,18.5,18.21,18.29,18.44,-0.15000000000000213,-0.81,40204.0,76395.488
002773.SZ,20230704,18.31,18.52,18.11,18.33,18.29,0.03999999999999915,0.22,48185.03,91322.339
002773.SZ,20230705,18.57,18.88,17.93,17.94,18.33,-0.389999999999997,-2.13,74750.89,141734.852
002773.SZ,20230706,18.32,18.8,17.65,17.68,17.94,-0.26000000000000156,-1.45,83746.26,156926.542
002773.SZ,20230707,17.68,18.25,17.46,17.9,17.68,0.21999999999999886,1.24,56256.92,103740.523
002773.SZ,20230710,17.85,18.44,17.57,18.21,17.9,0.3100000000000023,1.73,76037.84,142283.182
002773.SZ,20230711,18.22,18.39,18.11,18.28,18.21,0.07000000000000028,0.38,35302.61,66768.169
002773.SZ,20230712,18.28,18.35,17.9,17.95,18.28,-0.33000000000000185,-1.81,31218.48,58673.075
002773.SZ,20230713,17.98,18.22,17.98,18.12,17.95,0.1700000000000017,0.95,33040.63,61952.549
002773.SZ,20230714,18.16,18.39,18.05,18.32,18.12,0.1999999999999993,1.1,35756.56,67650.739
002773.SZ,20230717,18.16,18.3,17.98,18.25,18.32,-0.07000000000000028,-0.38,33799.28,63606.657
002773.SZ,20230718,18.25,18.34,18.09,18.3,18.25,0.05000000000000071,0.27,32795.61,61907.148
002773.SZ,20230719,18.25,18.26,16.47,16.47,18.3,-1.8300000000000018,-10.0,275360.06,481308.219
002773.SZ,20230720,16.2,16.31,15.57,15.72,16.47,-0.7499999999999982,-4.55,181646.8,297364.617
002773.SZ,20230721,15.71,15.71,15.16,15.33,15.72,-0.39000000000000057,-2.48,136636.19,217996.532
002773.SZ,20230724,15.33,15.55,15.28,15.54,15.33,0.20999999999999908,1.37,97792.46,156940.559
002773.SZ,20230725,15.65,15.78,15.51,15.61,15.54,0.07000000000000028,0.45,80305.85,130183.831
002773.SZ,20230726,15.63,15.81,15.61,15.73,15.61,0.120000000000001,0.77,47237.39,77073.802
002773.SZ,20230727,15.73,15.82,15.41,15.43,15.73,-0.3000000000000007,-1.91,104120.6,167870.983
002773.SZ,20230728,15.48,15.67,15.41,15.63,15.43,0.20000000000000107,1.3,70411.38,113564.091
002773.SZ,20230731,15.63,15.7,15.43,15.49,15.63,-0.14000000000000057,-0.9,88511.19,142662.621
002773.SZ,20230801,15.48,15.54,15.38,15.39,15.49,-0.09999999999999964,-0.65,55457.09,88735.099
002773.SZ,20230802,15.43,15.43,15.04,15.11,15.39,-0.28000000000000114,-1.82,87954.55,138533.871
002773.SZ,20230803,15.05,15.33,15.05,15.29,15.11,0.17999999999999972,1.19,51187.42,80961.44
002773.SZ,20230804,15.27,15.43,15.25,15.33,15.29,0.040000000000000924,0.26,56539.52,89908.81
002773.SZ,20230807,15.26,15.3,14.81,14.91,15.33,-0.41999999999999993,-2.74,85989.83,133180.131
002773.SZ,20230808,15.12,15.16,14.79,15.07,14.91,0.16000000000000014,1.07,67213.63,104556.048
002773.SZ,20230809,15.08,15.2,14.92,15.13,15.07,0.0600000000000005,0.4,51777.78,80980.687
002773.SZ,20230810,15.13,15.13,14.96,15.03,15.13,-0.10000000000000142,-0.66,45189.0,70375.606
002773.SZ,20230811,15.09,15.23,14.93,14.95,15.03,-0.08000000000000007,-0.53,62833.5,98181.488
002773.SZ,20230814,14.87,15.07,14.7,15.04,14.95,0.08999999999999986,0.6,63906.89,98552.456
002773.SZ,20230815,15.0,15.05,14.87,15.0,15.04,-0.03999999999999915,-0.27,36988.86,57376.268
002773.SZ,20230816,14.97,15.16,14.86,14.89,15.0,-0.10999999999999943,-0.73,42161.79,65714.514
002773.SZ,20230817,14.84,14.95,14.77,14.93,14.89,0.03999999999999915,0.27,42189.64,64939.763
002773.SZ,20230818,14.89,14.89,14.47,14.47,14.93,-0.4599999999999991,-3.08,66822.06,101454.242
002773.SZ,20230821,14.46,14.71,14.34,14.44,14.47,-0.030000000000001137,-0.21,39525.19,59525.207
002773.SZ,20230822,14.46,14.58,14.2,14.43,14.44,-0.009999999999999787,-0.07,35417.84,52734.891
002773.SZ,20230823,14.5,14.5,14.2,14.2,14.43,-0.23000000000000043,-1.59,46335.07,68743.374
002773.SZ,20230824,14.2,14.39,14.03,14.19,14.2,-0.009999999999999787,-0.07,59299.58,87397.333
002773.SZ,20230825,14.21,14.3,14.01,14.06,14.19,-0.129999999999999,-0.92,48443.56,70947.114
002773.SZ,20230828,14.85,14.85,14.24,14.24,14.06,0.17999999999999972,1.28,111055.9,166698.06
002773.SZ,20230829,14.26,14.6,14.17,14.43,14.24,0.1899999999999995,1.33,117637.15,176304.873
002773.SZ,20230830,14.45,14.61,14.42,14.52,14.43,0.08999999999999986,0.62,61507.33,92619.619
002773.SZ,20230831,14.55,14.73,14.46,14.69,14.52,0.16999999999999993,1.17,61638.87,93507.219
002773.SZ,20230901,14.7,14.73,14.58,14.69,14.69,0.0,0.0,34930.0,53113.46
002773.SZ,20230904,14.7,14.76,14.6,14.74,14.69,0.05000000000000071,0.34,41920.01,63864.731
002773.SZ,20230905,14.74,14.82,14.64,14.66,14.74,-0.08000000000000007,-0.54,37332.32,56890.858
002773.SZ,20230906,14.58,14.65,14.5,14.54,14.66,-0.120000000000001,-0.82,33621.35,50806.926
002773.SZ,20230907,14.54,14.56,14.25,14.28,14.54,-0.2599999999999998,-1.79,41238.64,61426.608
002773.SZ,20230908,14.2,14.39,14.2,14.32,14.28,0.040000000000000924,0.28,25845.08,38398.819
002773.SZ,20230911,14.35,14.91,14.27,14.88,14.32,0.5600000000000005,3.91,92468.61,141469.074
002773.SZ,20230912,14.84,15.03,14.81,14.91,14.88,0.02999999999999936,0.2,58528.11,90554.936
002773.SZ,20230913,14.9,14.97,14.66,14.75,14.91,-0.16000000000000014,-1.07,39977.35,61341.093
002773.SZ,20230914,14.77,14.9,14.68,14.78,14.75,0.02999999999999936,0.2,36343.52,55689.935
002773.SZ,20230915,14.78,15.46,14.78,15.24,14.78,0.46000000000000085,3.11,152991.64,241557.902
002773.SZ,20230918,15.24,15.28,15.02,15.23,15.24,-0.009999999999999787,-0.07,82560.5,129890.761
002773.SZ,20230919,15.23,15.33,14.96,15.07,15.23,-0.16000000000000014,-1.05,72112.87,112998.651
002773.SZ,20230920,15.01,15.14,14.86,14.99,15.07,-0.08000000000000007,-0.53,53445.2,83025.467
002773.SZ,20230921,14.94,15.18,14.66,14.76,14.99,-0.23000000000000043,-1.53,65685.66,100883.206
002773.SZ,20230922,14.75,14.8,14.43,14.77,14.76,0.009999999999999787,0.07,69706.26,105604.865
002773.SZ,20230925,14.77,15.18,14.69,15.08,14.77,0.3100000000000005,2.1,79658.17,124082.488
002773.SZ,20230926,15.04,15.12,14.93,14.99,15.08,-0.08999999999999986,-0.6,40391.05,62856.42
002773.SZ,20230927,14.99,15.37,14.99,15.34,14.99,0.34999999999999964,2.33,62071.47,98051.013
002773.SZ,20230928,15.3,15.58,15.27,15.31,15.34,-0.02999999999999936,-0.2,67934.72,108418.758
002773.SZ,20231009,15.14,15.57,15.1,15.3,15.31,-0.009999999999999787,-0.07,45947.04,72696.494
002773.SZ,20231010,15.23,15.3,14.92,14.92,15.3,-0.3800000000000008,-2.48,57644.28,90042.206
002773.SZ,20231011,15.01,15.41,14.96,15.2,14.92,0.27999999999999936,1.88,69599.63,110147.645
002773.SZ,20231012,15.4,15.52,15.22,15.41,15.2,0.21000000000000085,1.38,66001.07,105177.288
002773.SZ,20231013,15.37,15.79,15.28,15.73,15.41,0.3200000000000003,2.08,147467.55,239170.956
002773.SZ,20231016,15.79,16.57,15.63,16.35,15.73,0.620000000000001,3.94,259595.86,435431.665
002773.SZ,20231017,16.26,16.28,15.48,15.8,16.35,-0.5500000000000007,-3.36,170302.14,278319.176
002773.SZ,20231018,15.8,15.81,15.26,15.32,15.8,-0.4800000000000004,-3.04,90133.21,144083.408
002773.SZ,20231019,15.25,15.34,14.94,14.95,15.32,-0.370000000000001,-2.42,76045.78,118913.943
002773.SZ,20231020,14.86,15.01,14.7,14.77,14.95,-0.17999999999999972,-1.2,52521.38,80732.589
002773.SZ,20231023,14.64,14.7,14.3,14.41,14.77,-0.35999999999999943,-2.44,63035.12,94420.139
002773.SZ,20231024,14.47,14.77,14.42,14.71,14.41,0.3000000000000007,2.08,53861.38,81628.524
002773.SZ,20231025,14.77,14.86,14.41,14.48,14.71,-0.23000000000000043,-1.56,66503.88,100775.234
002773.SZ,20231026,14.47,14.61,14.3,14.6,14.48,0.11999999999999922,0.83,50486.28,75754.161
002773.SZ,20231027,15.74,16.05,15.43,16.05,14.6,1.450000000000001,9.93,141856.36,234350.982
002773.SZ,20231030,17.35,17.66,16.84,16.97,16.05,0.9199999999999982,5.73,579876.39,1044831.623
002773.SZ,20231031,16.88,17.42,16.78,17.12,16.97,0.15000000000000213,0.88,311840.07,552896.75
002773.SZ,20231101,16.97,17.45,16.97,17.19,17.12,0.07000000000000028,0.41,156629.25,279316.934
002773.SZ,20231102,17.17,17.33,16.71,16.81,17.19,-0.38000000000000256,-2.21,146481.84,256629.23
002773.SZ,20231103,16.81,16.99,16.66,16.93,16.81,0.120000000000001,0.71,102386.16,179035.71
002773.SZ,20231106,17.1,17.51,17.02,17.26,16.93,0.33000000000000185,1.95,176906.88,316804.0
002773.SZ,20231107,17.25,17.45,17.06,17.08,17.26,-0.18000000000000327,-1.04,102064.0,182241.065
002773.SZ,20231108,17.14,17.53,17.05,17.26,17.08,0.18000000000000327,1.05,102144.84,183077.864
002773.SZ,20231109,17.36,17.65,17.17,17.21,17.26,-0.05000000000000071,-0.29,130685.65,235629.92
002773.SZ,20231110,17.09,18.0,17.09,17.58,17.21,0.36999999999999744,2.15,190411.34,348402.523
002773.SZ,20231113,17.57,17.65,17.17,17.31,17.58,-0.2699999999999996,-1.54,125061.84,224734.807
002773.SZ,20231114,17.21,17.42,17.12,17.22,17.31,-0.08999999999999986,-0.52,84981.96,152068.249
002773.SZ,20231115,17.35,17.41,17.07,17.17,17.22,-0.04999999999999716,-0.29,73727.67,131436.718
002773.SZ,20231116,17.13,17.25,16.87,16.92,17.17,-0.25,-1.46,66362.01,116935.836
002773.SZ,20231117,16.92,17.34,16.8,17.25,16.92,0.3299999999999983,1.95,80862.26,143358.4
002773.SZ,20231120,17.29,17.72,17.27,17.59,17.25,0.33999999999999986,1.97,113944.35,207384.312
002773.SZ,20231121,17.68,18.68,17.53,18.19,17.59,0.6000000000000014,3.41,211960.52,399632.092
002773.SZ,20231122,18.22,19.09,18.05,18.27,18.19,0.0799999999999983,0.44,247719.26,478236.364
002773.SZ,20231123,18.43,18.57,18.13,18.29,18.27,0.019999999999999574,0.11,114334.31,216854.652
002773.SZ,20231124,18.15,18.65,18.03,18.21,18.29,-0.0799999999999983,-0.44,92291.64,174823.811
002773.SZ,20231127,18.11,18.28,17.76,17.89,18.21,-0.3200000000000003,-1.76,90824.41,168739.956
002773.SZ,20231128,17.84,18.43,17.67,18.24,17.89,0.34999999999999787,1.96,116287.09,218965.926
002773.SZ,20231129,18.22,18.48,18.08,18.22,18.24,-0.019999999999999574,-0.11,63813.7,120749.572
002773.SZ,20231130,18.1,18.41,18.04,18.33,18.22,0.10999999999999943,0.6,62632.24,118436.821
002773.SZ,20231201,18.3,18.4,17.94,18.12,18.33,-0.2099999999999973,-1.15,82577.43,155230.935
002773.SZ,20231204,18.19,18.37,17.86,18.08,18.12,-0.0400000000000027,-0.22,73515.79,138521.395
002773.SZ,20231205,18.01,18.35,17.89,18.07,18.08,-0.00999999999999801,-0.06,69306.96,130145.722
002773.SZ,20231206,18.09,18.34,17.83,18.22,18.07,0.14999999999999858,0.83,70418.32,132140.399
002773.SZ,20231207,18.15,18.37,17.93,17.96,18.22,-0.259999999999998,-1.43,65905.9,123649.249
002773.SZ,20231208,17.92,18.25,17.88,18.17,17.96,0.21000000000000085,1.17,85379.49,160472.174
002773.SZ,20231211,18.17,18.66,18.03,18.61,18.17,0.4399999999999977,2.42,113962.33,217465.692
002773.SZ,20231212,18.64,18.82,18.38,18.7,18.61,0.08999999999999986,0.48,88063.95,170273.641
002773.SZ,20231213,18.7,18.9,18.52,18.6,18.7,-0.09999999999999787,-0.53,57786.26,112166.799
002773.SZ,20231214,18.66,18.75,18.28,18.34,18.6,-0.26000000000000156,-1.4,58997.83,113142.75
002773.SZ,20231215,18.34,18.47,17.76,17.84,18.34,-0.5,-2.73,84163.75,157086.71
002773.SZ,20231218,17.78,18.3,17.67,17.94,17.84,0.10000000000000142,0.56,72987.11,136625.67
002773.SZ,20231219,17.96,17.96,17.55,17.73,17.94,-0.21000000000000085,-1.17,66826.96,122279.251
002773.SZ,20231220,17.78,17.91,17.6,17.6,17.73,-0.129999999999999,-0.73,40645.41,74858.486
002773.SZ,20231221,17.57,17.84,17.32,17.79,17.6,0.18999999999999773,1.08,63991.09,116916.561
002773.SZ,20231222,17.8,17.84,17.54,17.6,17.79,-0.18999999999999773,-1.07,39311.37,72085.827
002773.SZ,20231225,17.57,17.69,17.44,17.66,17.6,0.05999999999999872,0.34,31574.52,57601.039
002773.SZ,20231226,17.69,17.73,17.34,17.45,17.66,-0.21000000000000085,-1.19,30707.39,55723.133
002773.SZ,20231227,17.46,17.65,17.37,17.63,17.45,0.17999999999999972,1.03,28642.38,52043.806
002773.SZ,20231228,17.61,17.65,17.38,17.38,17.63,-0.25,-1.42,57945.89,105208.915
002773.SZ,20231229,17.39,17.82,17.36,17.78,17.38,0.40000000000000213,2.3,46153.23,84650.507
002773.SZ,20240102,17.75,17.97,17.67,17.81,17.78,0.029999999999997584,0.17,43056.92,79671.003
002773.SZ,20240103,17.74,18.13,17.74,17.92,17.81,0.11000000000000298,0.62,49609.76,92097.99
002773.SZ,20240104,17.79,17.89,17.51,17.7,17.92,-0.22000000000000242,-1.23,34979.79,64072.432
002773.SZ,20240105,17.65,17.7,17.17,17.26,17.7,-0.4399999999999977,-2.49,46868.45,84623.443
002773.SZ,20240108,17.18,17.27,16.92,16.94,17.26,-0.3200000000000003,-1.85,52252.59,92357.97
002773.SZ,20240109,16.94,17.28,16.89,17.15,16.94,0.2099999999999973,1.24,32184.2,57150.862
002773.SZ,20240110,17.12,17.2,16.92,16.99,17.15,-0.16000000000000014,-0.93,34652.36,61201.269
002773.SZ,20240111,16.92,17.15,16.85,17.03,16.99,0.0400000000000027,0.24,28142.92,49721.858
002773.SZ,20240112,17.07,17.26,16.87,16.87,17.03,-0.16000000000000014,-0.94,38685.0,68357.939
002773.SZ,20240115,16.85,17.17,16.76,16.82,16.87,-0.05000000000000071,-0.3,40472.87,70977.173
002773.SZ,20240116,16.83,17.02,16.71,16.9,16.82,0.0799999999999983,0.48,38523.56,67274.647
002773.SZ,20240117,16.82,17.05,16.57,16.58,16.9,-0.3200000000000003,-1.89,50266.0,87582.479
002773.SZ,20240118,16.58,16.58,15.86,16.33,16.58,-0.25,-1.51,72842.68,121738.456
002773.SZ,20240119,16.32,16.41,16.2,16.21,16.33,-0.11999999999999744,-0.73,43324.08,73239.077
002773.SZ,20240122,16.17,16.26,15.21,15.24,16.21,-0.9700000000000006,-5.98,54861.52,89384.503
002773.SZ,20240123,15.28,15.77,15.14,15.69,15.24,0.4499999999999993,2.95,66450.41,106774.996
002773.SZ,20240124,15.77,16.04,15.33,15.86,15.69,0.16999999999999993,1.08,54401.85,88779.627
002773.SZ,20240125,15.83,16.21,15.65,16.18,15.86,0.3200000000000003,2.02,47725.79,79179.833
002773.SZ,20240126,16.17,16.39,15.71,15.82,16.18,-0.35999999999999943,-2.22,51555.84,85582.417
002773.SZ,20240129,15.82,16.01,15.46,15.52,15.82,-0.3000000000000007,-1.9,42818.86,69584.944
002773.SZ,20240130,15.43,15.6,15.09,15.1,15.52,-0.41999999999999993,-2.71,44564.12,70865.394
002773.SZ,20240131,15.05,15.18,14.49,14.62,15.1,-0.4800000000000004,-3.18,59449.43,91358.177
002773.SZ,20240201,14.47,14.88,14.35,14.59,14.62,-0.02999999999999936,-0.21,60585.08,91584.414
002773.SZ,20240202,14.63,14.73,13.58,14.03,14.59,-0.5600000000000005,-3.84,64241.29,94719.248
002773.SZ,20240205,13.82,14.07,12.68,13.39,14.03,-0.6399999999999988,-4.56,106491.28,147722.072
002773.SZ,20240206,13.34,14.69,13.17,14.54,13.39,1.1499999999999986,8.59,103543.94,150432.778
002773.SZ,20240207,14.64,15.75,14.46,15.48,14.54,0.9400000000000013,6.46,120277.26,191452.765
002773.SZ,20240208,15.37,16.29,15.36,15.98,15.48,0.5,3.23,107434.09,178339.012
002773.SZ,20240219,16.01,16.22,15.6,15.83,15.98,-0.15000000000000036,-0.94,72420.15,119001.516
002773.SZ,20240220,15.72,15.94,15.53,15.87,15.83,0.03999999999999915,0.25,46814.24,76773.114
002773.SZ,20240221,15.7,16.29,15.68,15.92,15.87,0.05000000000000071,0.32,70244.14,116744.874
002773.SZ,20240222,15.9,16.14,15.77,16.0,15.92,0.08000000000000007,0.5,40035.57,66253.848
002773.SZ,20240223,16.02,16.09,15.79,16.07,16.0,0.07000000000000028,0.44,41002.4,67803.504
002773.SZ,20240226,16.16,16.48,16.05,16.34,16.07,0.2699999999999996,1.68,60994.44,103176.047
002773.SZ,20240227,16.28,16.49,16.12,16.42,16.34,0.08000000000000185,0.49,47430.97,80356.154
002773.SZ,20240228,16.42,16.8,16.05,16.05,16.42,-0.370000000000001,-2.25,78223.11,133841.493
002773.SZ,20240229,16.04,16.61,15.89,16.59,16.05,0.5399999999999991,3.36,68924.16,117430.984
002773.SZ,20240301,16.54,16.82,16.49,16.73,16.59,0.14000000000000057,0.84,50953.34,88146.744
002773.SZ,20240304,16.78,17.05,16.64,16.97,16.73,0.23999999999999844,1.43,65874.28,115169.53
002773.SZ,20240305,16.97,16.97,16.63,16.73,16.97,-0.23999999999999844,-1.41,47164.74,82055.493
002773.SZ,20240306,16.72,16.96,16.55,16.81,16.73,0.0799999999999983,0.48,47292.26,82265.789
002773.SZ,20240307,16.83,16.85,16.35,16.36,16.81,-0.4499999999999993,-2.68,50922.63,87461.97
002773.SZ,20240308,16.38,16.63,16.38,16.52,16.36,0.16000000000000014,0.98,38304.0,65615.335
002773.SZ,20240311,16.53,16.72,16.26,16.7,16.52,0.17999999999999972,1.09,57030.51,97513.882
002773.SZ,20240312,16.68,17.07,16.67,16.86,16.7,0.16000000000000014,0.96,55699.07,97400.606
002773.SZ,20240313,16.85,16.93,16.66,16.85,16.86,-0.00999999999999801,-0.06,43300.68,75487.497
002773.SZ,20240314,17.21,17.64,16.75,16.94,16.85,0.08999999999999986,0.53,85559.72,151634.104
002773.SZ,20240315,16.89,17.12,16.79,17.01,16.94,0.07000000000000028,0.41,51610.52,90717.546
002773.SZ,20240318,17.04,17.41,16.89,17.36,17.01,0.34999999999999787,2.06,61630.24,109634.262
002773.SZ,20240319,17.26,17.4,17.14,17.15,17.36,-0.21000000000000085,-1.21,38929.4,69751.482
002773.SZ,20240320,17.17,17.24,16.96,17.21,17.15,0.060000000000002274,0.35,44683.3,79246.709
002773.SZ,20240321,17.22,17.24,16.96,17.03,17.21,-0.17999999999999972,-1.05,35675.4,63181.0
002773.SZ,20240322,17.05,17.05,16.6,16.66,17.03,-0.370000000000001,-2.17,48878.98,84794.096
002773.SZ,20240325,16.81,16.95,16.49,16.51,16.66,-0.14999999999999858,-0.9,38857.09,67542.413
002773.SZ,20240326,16.54,16.68,16.37,16.59,16.51,0.0799999999999983,0.48,32547.93,55805.564
002773.SZ,20240327,16.56,16.76,16.35,16.37,16.59,-0.21999999999999886,-1.33,34370.28,59179.888
002773.SZ,20240328,16.56,16.72,16.25,16.48,16.37,0.10999999999999943,0.67,36125.89,62036.437
002773.SZ,20240329,16.63,16.73,16.22,16.7,16.48,0.21999999999999886,1.33,34555.1,58950.801
002773.SZ,20240401,16.63,17.08,16.63,17.02,16.7,0.3200000000000003,1.92,43826.59,76878.622
002773.SZ,20240402,17.02,17.05,16.8,16.86,17.02,-0.16000000000000014,-0.94,32943.2,57779.526
002773.SZ,20240403,16.82,17.05,16.81,16.88,16.86,0.019999999999999574,0.12,35501.49,62417.448
002773.SZ,20240408,16.88,16.92,16.52,16.54,16.88,-0.33999999999999986,-2.01,41162.17,71223.411
002773.SZ,20240409,16.54,16.77,16.32,16.75,16.54,0.21000000000000085,1.27,30523.0,52342.107
002773.SZ,20240410,16.7,16.76,16.42,16.52,16.75,-0.23000000000000043,-1.37,28784.74,49510.934
002773.SZ,20240411,16.44,16.58,16.3,16.32,16.52,-0.1999999999999993,-1.21,35022.7,59654.182
002773.SZ,20240412,16.42,16.44,16.12,16.2,16.32,-0.120000000000001,-0.74,35177.0,59293.906
002773.SZ,20240415,16.2,16.72,16.18,16.39,16.2,0.19000000000000128,1.17,60922.84,104092.415
002773.SZ,20240416,16.25,16.98,16.22,16.29,16.39,-0.10000000000000142,-0.61,85274.36,146648.422
002773.SZ,20240417,16.28,16.83,16.25,16.71,16.29,0.4200000000000017,2.58,65250.01,112526.055
002773.SZ,20240418,16.81,16.86,16.47,16.57,16.71,-0.14000000000000057,-0.84,44437.27,76754.099
002773.SZ,20240419,16.45,16.85,16.42,16.79,16.57,0.21999999999999886,1.33,46426.28,80283.292
002773.SZ,20240422,16.8,17.2,16.72,17.05,16.79,0.26000000000000156,1.55,64310.14,113300.799
002773.SZ,20240423,17.1,17.22,16.87,17.14,17.05,0.08999999999999986,0.53,58513.06,103416.381
002773.SZ,20240424,17.13,17.67,17.09,17.65,17.14,0.509999999999998,2.98,91890.57,166055.843
002773.SZ,20240425,19.1,19.41,18.46,19.41,17.65,1.7600000000000016,9.97,309046.74,616157.559
002773.SZ,20240426,19.43,20.19,19.28,19.95,19.41,0.5399999999999991,2.78,421695.79,865786.361
002773.SZ,20240429,19.94,20.53,19.84,20.25,19.95,0.3000000000000007,1.5,238969.82,499100.003
002773.SZ,20240430,20.24,21.1,20.15,20.92,20.25,0.6700000000000017,3.31,196568.89,423340.299
002773.SZ,20240506,21.29,22.27,21.12,21.95,20.92,1.0299999999999976,4.92,293229.98,663155.993
002773.SZ,20240507,21.96,23.12,21.71,23.03,21.95,1.0800000000000018,4.92,236222.42,551128.799
002773.SZ,20240508,23.08,23.33,22.29,22.71,23.03,-0.3200000000000003,-1.39,228262.81,534679.84
002773.SZ,20240509,22.67,23.16,22.42,22.68,22.71,-0.030000000000001137,-0.13,197743.93,466403.093
002773.SZ,20240510,22.68,23.24,22.52,22.81,22.68,0.129999999999999,0.57,164364.09,390284.743
002773.SZ,20240513,22.95,23.48,22.32,22.46,22.81,-0.34999999999999787,-1.53,193172.93,454892.784
002773.SZ,20240514,22.24,23.03,22.23,22.86,22.46,0.3999999999999986,1.78,143684.96,337590.718
002773.SZ,20240515,22.81,22.81,22.03,22.1,22.86,-0.759999999999998,-3.32,142996.94,331576.665
002773.SZ,20240516,22.09,22.26,21.66,21.75,22.1,-0.3500000000000014,-1.58,144699.94,328988.103
002773.SZ,20240517,21.88,22.08,21.57,21.9,21.75,0.14999999999999858,0.69,89781.13,202909.37
002773.SZ,20240520,22.13,22.13,21.72,21.97,21.9,0.07000000000000028,0.32,77972.5,177087.775
002773.SZ,20240521,21.97,22.23,21.8,22.02,21.97,0.05000000000000071,0.23,90574.13,207138.32
002773.SZ,20240522,22.03,22.37,21.82,21.96,22.02,-0.05999999999999872,-0.27,85341.43,195010.794
002773.SZ,20240523,21.84,21.99,21.59,21.68,21.96,-0.28000000000000114,-1.28,63979.25,144281.045
002773.SZ,20240524,21.86,22.13,21.69,21.8,21.68,0.120000000000001,0.55,71968.28,163497.163
002773.SZ,20240527,21.78,22.13,21.65,22.06,21.8,0.259999999999998,1.19,74063.34,168175.976
002773.SZ,20240528,22.16,22.21,21.82,21.89,22.06,-0.16999999999999815,-0.77,56681.1,127131.995
002773.SZ,20240529,21.72,22.09,21.67,21.86,21.89,-0.030000000000001137,-0.14,59323.28,132454.63
002773.SZ,20240530,21.73,22.41,21.67,21.89,21.86,0.030000000000001137,0.14,72452.28,162465.966
002773.SZ,20240531,21.85,22.33,21.77,21.91,21.89,0.019999999999999574,0.09,69898.83,156398.484
002773.SZ,20240603,21.91,22.12,21.48,21.67,21.91,-0.23999999999999844,-1.1,77672.3,172556.703
002773.SZ,20240604,21.8,22.23,21.69,22.08,21.67,0.4099999999999966,1.89,84353.34,189334.222
002773.SZ,20240605,22.08,22.84,21.97,22.29,22.08,0.21000000000000085,0.95,159848.56,366026.08
002773.SZ,20240606,22.25,24.02,22.23,23.01,22.29,0.7200000000000024,3.23,218286.41,517866.522
002773.SZ,20240607,23.01,23.26,21.99,22.27,23.01,-0.740000000000002,-3.22,190975.41,437174.803
002773.SZ,20240611,22.27,22.54,21.99,22.48,22.27,0.21000000000000085,0.94,88101.4,200266.269
002773.SZ,20240612,22.29,22.44,21.84,22.23,22.48,-0.25,-1.11,70281.41,158838.232
002773.SZ,20240613,22.25,22.36,21.92,22.12,22.23,-0.10999999999999943,-0.49,61563.5,138982.23
002773.SZ,20240614,22.06,22.12,21.74,21.95,22.12,-0.1700000000000017,-0.77,68687.45,153358.935
002773.SZ,20240617,21.95,22.54,21.93,22.48,21.95,0.5300000000000011,2.41,79987.27,182041.919
002773.SZ,20240618,22.44,22.53,22.01,22.36,22.48,-0.120000000000001,-0.53,55301.53,125729.921
002773.SZ,20240619,22.32,22.54,21.85,21.91,22.36,-0.4499999999999993,-2.01,58382.4,131342.904
002773.SZ,20240620,21.92,22.17,21.08,21.37,21.91,-0.5399999999999991,-2.46,114347.79,250714.306
002773.SZ,20240621,21.37,22.25,21.3,21.9,21.37,0.5299999999999976,2.48,101174.88,225962.513
002773.SZ,20240624,21.77,22.02,21.35,21.42,21.9,-0.4799999999999969,-2.19,71005.03,156659.66
002773.SZ,20240625,21.4,21.54,21.01,21.14,21.42,-0.28000000000000114,-1.31,62463.06,135241.459
002773.SZ,20240626,21.18,21.97,21.11,21.91,21.15,0.7600000000000016,3.59,62976.62,138201.316
002773.SZ,20240627,21.85,22.01,21.19,21.32,21.91,-0.5899999999999999,-2.69,59175.93,129674.235
002773.SZ,20240628,21.22,21.74,21.21,21.22,21.32,-0.10000000000000142,-0.47,53529.0,117148.733
002773.SZ,20240701,21.18,21.78,21.1,21.69,21.22,0.4700000000000024,2.21,52143.28,114166.392
002773.SZ,20240702,21.65,21.74,21.22,21.33,21.69,-0.360000000000003,-1.66,49010.25,107226.027
002773.SZ,20240703,21.38,21.79,20.92,20.99,21.33,-0.33999999999999986,-1.59,62979.9,136242.931
002773.SZ,20240704,20.92,21.12,20.51,20.66,20.99,-0.3299999999999983,-1.57,50567.4,107065.307
002773.SZ,20240705,20.54,21.59,20.44,21.52,20.66,0.8599999999999994,4.16,82032.83,176306.731
002773.SZ,20240708,21.47,21.55,20.93,21.01,21.52,-0.509999999999998,-2.37,59507.22,128432.885
002773.SZ,20240709,20.91,21.39,20.65,21.26,21.01,0.25,1.19,53477.28,114778.73
002773.SZ,20240710,21.14,22.07,21.14,21.63,21.26,0.36999999999999744,1.74,105550.08,233520.273
002773.SZ,20240711,21.79,22.06,20.85,21.89,21.63,0.26000000000000156,1.2,141102.58,310263.451
002773.SZ,20240712,21.76,22.22,21.65,22.09,21.89,0.1999999999999993,0.91,93962.55,210474.502
002773.SZ,20240715,22.04,22.06,20.9,21.03,22.09,-1.0599999999999987,-4.8,123373.01,266610.946
002773.SZ,20240716,20.98,21.15,20.74,20.98,21.03,-0.05000000000000071,-0.24,63930.3,136657.776
002773.SZ,20240717,20.89,20.95,20.37,20.69,20.98,-0.28999999999999915,-1.38,78109.76,164211.034
002773.SZ,20240718,20.57,21.11,20.47,20.84,20.69,0.14999999999999858,0.72,51647.0,109518.4
002773.SZ,20240719,20.82,20.99,20.55,20.63,20.84,-0.21000000000000085,-1.01,49967.78,105893.387
002773.SZ,20240722,20.57,20.85,20.37,20.6,20.63,-0.029999999999997584,-0.15,50081.8,105261.288
002773.SZ,20240723,20.67,20.67,19.86,19.86,20.6,-0.740000000000002,-3.59,63452.36,129893.884
002773.SZ,20240724,19.73,20.09,19.49,19.53,19.86,-0.3299999999999983,-1.66,72581.13,145772.775
002773.SZ,20240725,19.53,19.78,19.37,19.54,19.53,0.00999999999999801,0.05,62196.29,124188.087
002773.SZ,20240726,19.41,19.88,19.4,19.69,19.54,0.15000000000000213,0.77,42206.85,84781.182
002773.SZ,20240729,19.77,19.8,19.33,19.51,19.69,-0.17999999999999972,-0.91,39862.21,79551.122
002773.SZ,20240730,19.56,19.58,19.12,19.32,19.51,-0.19000000000000128,-0.97,35996.5,71036.123
002773.SZ,20240731,19.38,20.59,19.21,20.49,19.32,1.1699999999999982,6.06,85930.03,177146.749
002773.SZ,20240801,20.51,20.88,20.1,20.16,20.49,-0.3299999999999983,-1.61,47321.47,98477.532
002773.SZ,20240802,20.1,20.64,20.05,20.24,20.16,0.0799999999999983,0.4,46094.8,95752.076
002773.SZ,20240805,20.11,21.08,19.97,20.09,20.24,-0.14999999999999858,-0.74,66811.3,139265.304
002773.SZ,20240806,20.16,20.68,20.13,20.43,20.09,0.33999999999999986,1.69,48121.45,100155.246
002773.SZ,20240807,20.43,20.52,20.04,20.3,20.43,-0.129999999999999,-0.64,35643.16,73949.889
002773.SZ,20240808,20.38,20.64,20.29,20.36,20.3,0.05999999999999872,0.3,48193.89,100668.144
002773.SZ,20240809,20.47,20.68,20.27,20.36,20.36,0.0,0.0,36706.22,76488.218
002773.SZ,20240812,20.36,20.93,20.21,20.69,20.36,0.33000000000000185,1.62,61674.5,129977.627
002773.SZ,20240813,20.71,20.83,20.5,20.83,20.69,0.13999999999999702,0.68,40675.0,85808.224
002773.SZ,20240814,20.83,20.93,20.52,20.76,20.83,-0.06999999999999673,-0.34,38808.23,81957.255
002773.SZ,20240815,20.86,21.23,20.69,20.81,20.76,0.04999999999999716,0.24,42589.02,90972.752
002773.SZ,20240816,20.81,21.19,20.64,21.15,20.81,0.33999999999999986,1.63,45598.01,97593.27
002773.SZ,20240819,21.27,21.69,21.15,21.53,21.15,0.38000000000000256,1.8,63131.04,138405.709
002773.SZ,20240820,21.5,21.5,21.09,21.19,21.53,-0.33999999999999986,-1.58,49670.28,107758.491
002773.SZ,20240821,21.1,21.31,20.78,20.92,21.19,-0.2699999999999996,-1.27,41719.0,89282.344
002773.SZ,20240822,20.86,21.16,20.69,20.85,20.92,-0.07000000000000028,-0.33,43543.25,92518.962
002773.SZ,20240823,20.88,20.93,18.76,18.76,20.85,-2.09,-10.02,159065.92,308117.497
002773.SZ,20240826,18.49,18.57,17.8,18.43,18.76,-0.33000000000000185,-1.76,163869.47,304083.472
002773.SZ,20240827,18.42,18.72,18.3,18.48,18.43,0.05000000000000071,0.27,72400.24,136553.38
002773.SZ,20240828,18.4,18.82,18.33,18.5,18.48,0.019999999999999574,0.11,48367.0,91707.801
002773.SZ,20240829,18.4,18.81,18.24,18.74,18.5,0.23999999999999844,1.3,46852.11,89149.603
002773.SZ,20240830,18.57,18.77,18.14,18.26,18.74,-0.4799999999999969,-2.56,99715.16,187802.002
002773.SZ,20240902,18.23,18.45,18.07,18.16,18.26,-0.10000000000000142,-0.55,60361.6,112263.155
002773.SZ,20240903,18.04,18.34,17.91,17.95,18.16,-0.21000000000000085,-1.16,56461.69,104162.346
002773.SZ,20240904,17.84,18.04,17.7,17.73,17.95,-0.21999999999999886,-1.23,58990.56,107329.782
002773.SZ,20240905,17.74,17.92,17.67,17.76,17.73,0.030000000000001137,0.17,42103.5,76280.58
002773.SZ,20240906,17.8,17.88,17.4,17.41,17.76,-0.3500000000000014,-1.97,39774.0,71160.738
002773.SZ,20240909,17.4,17.54,17.21,17.31,17.41,-0.10000000000000142,-0.57,40774.0,72220.753
002773.SZ,20240910,17.33,17.45,16.86,17.07,17.31,-0.23999999999999844,-1.39,51979.94,90278.151
002773.SZ,20240911,16.96,17.18,16.88,17.12,17.07,0.05000000000000071,0.29,33323.0,58072.616
002773.SZ,20240912,17.14,17.45,16.88,16.9,17.12,-0.22000000000000242,-1.29,36401.15,63386.344
002773.SZ,20240913,16.87,16.97,16.68,16.71,16.9,-0.18999999999999773,-1.12,34667.0,59403.392
002773.SZ,20240918,16.71,16.84,16.33,16.47,16.71,-0.240000000000002,-1.44,35445.0,59609.267
002773.SZ,20240919,16.67,16.89,16.35,16.7,16.47,0.23000000000000043,1.4,51101.21,86813.641
002773.SZ,20240920,16.69,16.69,16.29,16.45,16.7,-0.25,-1.5,46010.43,77066.112
002773.SZ,20240923,16.45,16.71,16.36,16.41,16.45,-0.03999999999999915,-0.24,31146.35,52399.161
002773.SZ,20240924,16.47,17.2,16.41,17.13,16.41,0.7199999999999989,4.39,70665.9,121508.171
002773.SZ,20240925,17.4,17.84,17.27,17.31,17.13,0.17999999999999972,1.05,81016.3,145023.41
002773.SZ,20240926,17.25,17.99,17.18,17.99,17.31,0.6799999999999997,3.93,76614.06,137439.029
002773.SZ,20240927,18.19,19.47,18.19,19.11,17.99,1.120000000000001,6.23,108782.08,209066.8
002773.SZ,20240930,19.75,21.02,19.74,21.02,19.11,1.9100000000000001,9.99,161387.59,337855.733
002773.SZ,20241008,23.12,23.12,21.37,22.77,21.02,1.75,8.33,186764.55,428435.308
002773.SZ,20241009,22.26,22.68,20.64,20.86,22.77,-1.9100000000000001,-8.39,145197.72,320806.603
002773.SZ,20241010,21.05,21.87,20.59,20.65,20.86,-0.21000000000000085,-1.01,114760.56,248283.467
002773.SZ,20241011,20.57,20.64,19.4,19.68,20.65,-0.9699999999999989,-4.7,85319.69,173198.299
002773.SZ,20241014,19.75,20.0,19.1,19.86,19.68,0.17999999999999972,0.91,74851.17,149417.416
002773.SZ,20241015,19.72,20.24,19.41,19.46,19.86,-0.3999999999999986,-2.01,78585.05,158788.139
002773.SZ,20241016,19.36,19.81,19.19,19.42,19.46,-0.03999999999999915,-0.21,72606.5,144313.354
002773.SZ,20241017,19.49,19.77,19.19,19.19,19.42,-0.23000000000000043,-1.18,51819.83,102895.125
002773.SZ,20241018,19.13,20.13,19.1,19.77,19.19,0.5799999999999983,3.02,102299.86,204329.281
002773.SZ,20241021,19.77,20.09,19.35,19.72,19.77,-0.05000000000000071,-0.25,89905.4,180972.806
002773.SZ,20241022,19.77,20.12,19.54,20.04,19.72,0.3200000000000003,1.62,78857.26,159884.748
002773.SZ,20241023,20.09,20.19,19.68,19.93,20.04,-0.10999999999999943,-0.55,81818.87,166018.321
002773.SZ,20241024,19.97,20.33,19.8,19.94,19.93,0.010000000000001563,0.05,82966.47,169307.49
002773.SZ,20241025,19.48,19.66,18.8,19.39,19.94,-0.5500000000000007,-2.76,176540.93,346308.586
002773.SZ,20241028,19.31,19.56,19.18,19.51,19.39,0.120000000000001,0.62,122936.67,243511.602
002773.SZ,20241029,19.51,19.6,18.96,19.01,19.51,-0.5,-2.56,115151.43,225282.048
002773.SZ,20241030,18.9,19.13,18.53,18.76,19.01,-0.25,-1.32,80958.84,155129.034
002773.SZ,20241031,18.72,18.89,18.61,18.73,18.76,-0.030000000000001137,-0.16,74008.5,141445.669
002773.SZ,20241101,18.64,18.87,18.5,18.52,18.73,-0.21000000000000085,-1.12,80727.92,153661.74
002773.SZ,20241104,18.51,18.87,18.51,18.77,18.52,0.25,1.35,60958.18,116375.475
002773.SZ,20241105,18.77,19.05,18.49,18.95,18.77,0.17999999999999972,0.96,124562.01,239761.875
002773.SZ,20241106,19.03,19.09,18.73,18.9,18.95,-0.05000000000000071,-0.26,110597.14,213533.507
002773.SZ,20241107,18.83,19.41,18.73,19.41,18.9,0.5100000000000016,2.7,139745.55,273947.899
002773.SZ,20241108,19.69,19.75,19.31,19.47,19.41,0.05999999999999872,0.31,121077.53,240782.22
002773.SZ,20241111,19.37,19.58,18.97,19.45,19.47,-0.019999999999999574,-0.1,138398.16,271833.413
002773.SZ,20241112,19.45,20.27,19.45,19.69,19.45,0.240000000000002,1.23,230948.1,467811.897
002773.SZ,20241113,19.62,19.75,19.17,19.53,19.69,-0.16000000000000014,-0.81,136882.26,271579.657
002773.SZ,20241114,19.57,19.7,19.16,19.19,19.53,-0.33999999999999986,-1.74,114759.38,227775.378
002773.SZ,20241115,19.15,19.51,19.05,19.08,19.19,-0.11000000000000298,-0.57,86534.79,169899.673
002773.SZ,20241118,19.03,19.26,18.74,18.84,19.08,-0.23999999999999844,-1.26,84883.93,164583.512
002773.SZ,20241119,18.84,19.11,18.58,19.0,18.84,0.16000000000000014,0.85,73135.76,140640.788
002773.SZ,20241120,19.0,19.81,18.86,19.61,19.0,0.6099999999999994,3.21,142302.95,282843.445
002773.SZ,20241121,19.54,19.94,19.41,19.66,19.61,0.05000000000000071,0.25,120250.31,241551.782
002773.SZ,20241122,19.78,19.94,18.61,18.64,19.66,-1.0199999999999996,-5.19,121214.32,236789.958
002773.SZ,20241125,18.63,18.89,18.43,18.88,18.64,0.23999999999999844,1.29,86164.65,164003.618
002773.SZ,20241126,18.82,19.74,18.72,19.36,18.88,0.4800000000000004,2.54,120864.59,239512.532
002773.SZ,20241127,19.22,19.96,19.16,19.82,19.36,0.46000000000000085,2.38,133677.75,267508.809
002773.SZ,20241128,19.85,20.31,19.59,19.69,19.82,-0.129999999999999,-0.66,101083.64,205615.372
002773.SZ,20241129,19.57,20.39,19.57,20.08,19.69,0.389999999999997,1.98,109474.88,223768.553
002773.SZ,20241202,20.12,20.37,19.94,20.22,20.08,0.14000000000000057,0.7,99808.72,205351.294
002773.SZ,20241203,20.19,20.2,19.83,19.97,20.22,-0.25,-1.24,80490.72,164155.739
002773.SZ,20241204,19.9,19.92,19.63,19.77,19.97,-0.1999999999999993,-1.0,53492.95,107918.76
002773.SZ,20241205,19.7,19.75,19.48,19.67,19.77,-0.09999999999999787,-0.51,63238.62,126299.668
002773.SZ,20241206,19.69,20.06,19.53,20.02,19.67,0.34999999999999787,1.78,70547.95,142917.218
002773.SZ,20241209,20.19,20.25,19.75,19.9,20.02,-0.120000000000001,-0.6,64914.16,132151.723
002773.SZ,20241210,20.28,20.46,19.78,19.85,19.9,-0.04999999999999716,-0.25,101982.56,208780.848
002773.SZ,20241211,19.82,20.09,19.78,19.92,19.85,0.07000000000000028,0.35,54820.91,111481.535
002773.SZ,20241212,19.94,20.17,19.65,20.09,19.92,0.16999999999999815,0.85,86644.1,176675.118
002773.SZ,20241213,19.96,20.03,19.52,19.6,20.09,-0.48999999999999844,-2.44,92766.98,186967.267
002773.SZ,20241216,19.61,19.69,19.34,19.46,19.6,-0.14000000000000057,-0.71,51772.04,102903.64
002773.SZ,20241217,19.45,19.67,19.29,19.47,19.46,0.00999999999999801,0.05,59475.04,118030.909
002773.SZ,20241218,19.47,19.72,19.26,19.3,19.47,-0.16999999999999815,-0.87,62260.16,123901.61
002773.SZ,20241219,19.17,19.37,18.93,19.36,19.3,0.05999999999999872,0.31,65289.66,127349.042
002773.SZ,20241220,19.31,19.55,19.31,19.42,19.36,0.060000000000002274,0.31,42317.02,83957.391
002773.SZ,20241223,19.37,19.47,18.99,19.04,19.42,-0.38000000000000256,-1.96,44837.6,87992.961
002773.SZ,20241224,19.04,19.3,19.02,19.28,19.04,0.240000000000002,1.26,36815.75,72064.058
002773.SZ,20241225,19.39,19.45,19.11,19.3,19.28,0.019999999999999574,0.1,45650.56,89598.996
002773.SZ,20241226,19.23,19.35,19.19,19.19,19.3,-0.10999999999999943,-0.57,36058.88,70850.178
002773.SZ,20241227,19.19,19.73,19.08,19.53,19.19,0.33999999999999986,1.77,67169.12,133490.229
002773.SZ,20241230,19.53,20.0,19.49,19.66,19.53,0.129999999999999,0.67,49769.28,100103.709
002773.SZ,20241231,19.78,19.78,19.21,19.21,19.66,-0.4499999999999993,-2.29,49255.0,97770.108
002773.SZ,20250102,19.21,19.35,18.53,18.7,19.21,-0.5100000000000016,-2.65,59964.56,115937.867
002773.SZ,20250103,18.7,19.19,18.61,18.69,18.7,-0.00999999999999801,-0.05,59157.22,113772.31
002773.SZ,20250106,18.71,19.34,18.71,18.97,18.69,0.2799999999999976,1.5,56941.91,110510.866
002773.SZ,20250107,18.96,18.97,18.55,18.71,18.97,-0.259999999999998,-1.37,41962.9,80052.599
002773.SZ,20250108,18.63,18.7,18.05,18.41,18.71,-0.3000000000000007,-1.6,55568.75,104060.097
002773.SZ,20250109,18.28,18.48,18.17,18.25,18.41,-0.16000000000000014,-0.87,32411.99,60568.195
002773.SZ,20250110,18.23,18.55,18.14,18.22,18.25,-0.030000000000001137,-0.16,42870.6,80231.877
002773.SZ,20250113,18.13,18.53,18.11,18.46,18.22,0.240000000000002,1.32,34259.28,64285.552
002773.SZ,20250114,18.5,18.72,18.36,18.68,18.46,0.21999999999999886,1.19,57089.39,108205.04
002773.SZ,20250115,18.68,18.7,18.42,18.62,18.68,-0.05999999999999872,-0.32,39651.0,74984.388
002773.SZ,20250116,18.61,18.81,18.28,18.35,18.62,-0.2699999999999996,-1.45,47056.28,88933.725
002773.SZ,20250117,18.35,18.69,18.22,18.53,18.35,0.17999999999999972,0.98,36742.9,69148.924
002773.SZ,20250120,18.6,19.11,18.6,18.83,18.53,0.29999999999999716,1.62,57645.59,110852.476
002773.SZ,20250121,18.82,18.94,18.48,18.82,18.83,-0.00999999999999801,-0.05,34802.95,66406.503
002773.SZ,20250122,18.77,18.89,18.53,18.79,18.82,-0.030000000000001137,-0.16,40950.0,78140.919
002773.SZ,20250123,18.88,19.0,18.71,18.77,18.79,-0.019999999999999574,-0.11,38724.8,74440.782
002773.SZ,20250124,18.77,18.87,18.63,18.72,18.77,-0.05000000000000071,-0.27,38844.06,74173.019
002773.SZ,20250127,18.78,19.17,18.72,18.9,18.72,0.17999999999999972,0.96,58662.48,113699.238
002773.SZ,20250205,19.1,19.1,18.77,18.93,18.9,0.030000000000001137,0.16,35671.75,68855.812
002773.SZ,20250206,18.88,19.05,18.81,19.02,18.93,0.08999999999999986,0.48,37717.87,72910.195
002773.SZ,20250207,19.02,19.42,18.94,19.3,19.02,0.28000000000000114,1.47,58000.85,113971.375
002773.SZ,20250210,19.31,19.69,19.23,19.45,19.3,0.14999999999999858,0.78,61163.75,121338.589
002773.SZ,20250211,19.52,19.58,19.32,19.52,19.45,0.07000000000000028,0.36,44413.88,88241.813
002773.SZ,20250212,19.51,19.56,19.32,19.38,19.52,-0.14000000000000057,-0.72,47169.16,93449.82
002773.SZ,20250213,19.41,19.41,19.05,19.08,19.38,-0.3000000000000007,-1.55,42647.92,83433.128
002773.SZ,20250214,19.04,19.4,19.04,19.25,19.08,0.1700000000000017,0.89,42165.25,82871.784
002773.SZ,20250217,19.39,19.46,18.99,19.02,19.25,-0.23000000000000043,-1.19,56694.65,110886.167
002773.SZ,20250218,18.98,19.27,18.72,18.78,19.02,-0.23999999999999844,-1.26,48303.87,93436.703
002773.SZ,20250219,18.8,18.93,18.64,18.73,18.78,-0.05000000000000071,-0.27,45568.37,87113.393
002773.SZ,20250220,18.72,19.1,18.71,18.92,18.73,0.19000000000000128,1.01,55883.12,107741.531
002773.SZ,20250221,18.95,19.21,18.72,19.18,18.92,0.259999999999998,1.37,55662.02,108140.155
002773.SZ,20250224,19.49,19.6,19.14,19.17,19.18,-0.00999999999999801,-0.05,56212.38,110953.62
002773.SZ,20250225,19.07,19.25,18.89,18.98,19.17,-0.19000000000000128,-0.99,50411.41,98166.166
002773.SZ,20250226,19.03,19.25,18.92,19.23,18.98,0.25,1.32,44930.98,87512.47
002773.SZ,20250227,19.23,19.3,19.0,19.23,19.23,0.0,0.0,40641.61,79484.572
002773.SZ,20250228,19.14,19.35,18.79,18.89,19.23,-0.33999999999999986,-1.77,47413.23,91898.75
002773.SZ,20250303,18.89,19.11,18.73,18.74,18.89,-0.15000000000000213,-0.79,43186.31,83221.852
002773.SZ,20250304,18.74,18.87,18.65,18.76,18.74,0.020000000000003126,0.11,35191.89,67312.948
002773.SZ,20250305,18.81,18.85,18.69,18.83,18.76,0.06999999999999673,0.37,35032.28,67033.196
002773.SZ,20250306,18.92,19.38,18.88,19.12,18.83,0.2900000000000027,1.54,74462.71,145583.731
002773.SZ,20250307,19.11,19.27,18.89,19.15,19.12,0.029999999999997584,0.16,53077.34,103376.949
002773.SZ,20250310,19.34,21.06,19.23,21.06,19.15,1.9100000000000001,9.97,161946.99,341292.379
002773.SZ,20250311,21.05,22.43,20.75,22.25,21.06,1.1900000000000013,5.65,344093.3,757787.609
002773.SZ,20250312,22.25,23.14,21.75,21.86,22.25,-0.39000000000000057,-1.75,188354.61,426076.689
002773.SZ,20250313,21.86,22.06,21.26,21.93,21.86,0.07000000000000028,0.32,136554.28,301239.394
002773.SZ,20250314,21.91,22.72,21.91,22.02,21.93,0.08999999999999986,0.41,134759.32,306670.843
002773.SZ,20250317,22.46,23.06,21.96,22.21,22.02,0.19000000000000128,0.86,96091.42,218213.339
002773.SZ,20250318,22.16,22.43,21.96,22.3,22.21,0.08999999999999986,0.41,63700.24,144422.645
002773.SZ,20250319,22.21,22.63,22.19,22.44,22.3,0.14000000000000057,0.63,68279.8,156527.614
002773.SZ,20250320,22.53,22.53,22.04,22.2,22.44,-0.240000000000002,-1.07,55548.29,126010.102
002773.SZ,20250321,22.16,22.38,21.51,21.71,22.2,-0.48999999999999844,-2.21,76983.4,170877.422
002773.SZ,20250324,21.71,21.93,21.22,21.45,21.71,-0.26000000000000156,-1.2,50278.78,110268.413
002773.SZ,20250325,21.48,21.71,21.42,21.67,21.45,0.22000000000000242,1.03,42303.88,93122.968
002773.SZ,20250326,21.61,21.89,21.44,21.55,21.67,-0.120000000000001,-0.55,29387.99,64782.001
002773.SZ,20250327,21.53,23.7,21.53,23.7,21.55,2.1499999999999986,9.98,183233.56,429839.031
002773.SZ,20250328,23.56,25.8,23.43,25.05,23.7,1.3500000000000014,5.7,359840.0,910454.329
002773.SZ,20250331,24.51,24.95,24.07,24.46,25.05,-0.5899999999999999,-2.36,183061.9,457595.747
002773.SZ,20250401,24.47,26.91,24.46,26.63,24.46,2.169999999999998,8.87,340237.86,909379.517
002773.SZ,20250402,26.27,26.77,26.03,26.3,26.63,-0.3299999999999983,-1.24,190931.34,513646.849
002773.SZ,20250403,26.3,27.01,25.61,26.02,26.3,-0.28000000000000114,-1.06,174919.73,468035.475
002773.SZ,20250407,24.3,25.57,23.81,24.74,26.02,-1.2800000000000011,-4.92,219072.85,552760.988
002773.SZ,20250408,24.68,25.29,24.06,24.65,24.74,-0.08999999999999986,-0.36,161634.26,404393.535
002773.SZ,20250409,24.23,24.47,22.55,24.03,24.65,-0.6199999999999974,-2.52,165915.55,399287.303
002773.SZ,20250410,24.85,25.49,24.54,25.0,24.03,0.9699999999999989,4.04,132402.84,338637.041
002773.SZ,20250411,24.7,26.03,24.7,25.68,25.0,0.6799999999999997,2.72,132202.36,342344.171
002773.SZ,20250414,25.91,28.23,25.68,27.17,25.68,1.490000000000002,5.8,194481.96,538632.976
002773.SZ,20250415,26.96,27.94,26.33,26.76,27.17,-0.41000000000000014,-1.51,160439.27,441425.542
002773.SZ,20250416,26.33,26.7,26.06,26.52,26.76,-0.240000000000002,-0.9,91551.36,245977.792
002773.SZ,20250417,26.42,26.75,25.66,25.68,26.52,-0.8399999999999999,-3.17,80869.99,214635.861
002773.SZ,20250418,25.68,26.39,25.32,25.54,25.68,-0.14000000000000057,-0.55,103893.37,272856.537
002773.SZ,20250421,25.55,28.1,25.4,28.1,25.54,2.5600000000000023,10.02,150545.59,417526.168
002773.SZ,20250422,28.17,28.88,27.89,28.27,28.1,0.16999999999999815,0.6,152307.01,439630.51
002773.SZ,20250423,28.17,28.63,27.65,27.67,28.27,-0.5999999999999979,-2.12,90891.28,259261.211
002773.SZ,20250424,27.67,28.76,27.58,27.78,27.67,0.10999999999999943,0.4,116520.47,334335.609
002773.SZ,20250425,27.8,28.04,26.44,26.81,27.78,-0.9700000000000024,-3.49,143977.97,396976.988
002773.SZ,20250428,26.17,27.92,26.16,27.39,26.81,0.5800000000000018,2.16,123035.23,341396.987
002773.SZ,20250429,27.39,28.19,27.14,27.38,27.39,-0.010000000000001563,-0.04,98670.28,277473.389
002773.SZ,20250430,27.23,27.94,27.01,27.36,27.38,-0.019999999999999574,-0.07,98748.87,276489.128
002773.SZ,20250506,27.45,27.82,26.76,27.37,27.36,0.010000000000001563,0.04,88810.4,246775.057
002773.SZ,20250507,27.48,27.89,26.6,26.79,27.37,-0.5800000000000018,-2.12,81450.26,224621.492
002773.SZ,20250508,26.58,26.89,26.03,26.15,26.79,-0.6400000000000006,-2.39,106442.71,286254.509
002773.SZ,20250509,26.15,26.79,26.04,26.08,26.15,-0.07000000000000028,-0.27,76629.74,205899.92
002773.SZ,20250512,25.96,26.13,24.79,25.16,26.08,-0.9199999999999982,-3.53,115532.12,296307.55
002773.SZ,20250513,25.39,25.48,25.01,25.29,25.16,0.129999999999999,0.52,91354.1,234665.862
002773.SZ,20250514,25.18,25.31,24.71,24.99,25.29,-0.3000000000000007,-1.19,80604.87,205529.625
002773.SZ,20250515,25.1,25.48,24.92,25.28,24.99,0.2900000000000027,1.16,70630.98,181880.465
002773.SZ,20250516,25.19,26.44,24.94,25.45,25.28,0.16999999999999815,0.67,123407.75,321918.194
002773.SZ,20250519,25.36,25.94,25.02,25.57,25.45,0.120000000000001,0.47,87446.01,227532.26
002773.SZ,20250520,26.03,26.57,25.78,26.12,25.57,0.5500000000000007,2.15,148198.51,396526.316
002773.SZ,20250521,25.99,28.72,25.99,28.72,26.12,2.599999999999998,9.95,160865.68,454211.563
002773.SZ,20250522,28.51,29.88,28.0,29.17,28.72,0.45000000000000284,1.57,211734.51,626364.693
002773.SZ,20250523,29.4,29.74,28.97,29.03,29.17,-0.14000000000000057,-0.48,135380.19,404855.818
002773.SZ,20250526,29.03,29.33,28.01,28.23,29.03,-0.8000000000000007,-2.76,127971.37,371357.773
002773.SZ,20250527,28.05,28.66,27.89,28.13,28.23,-0.10000000000000142,-0.35,83622.53,240441.984
002773.SZ,20250528,28.16,28.36,27.84,27.94,28.13,-0.18999999999999773,-0.68,56806.52,162565.728
002773.SZ,20250529,28.04,29.19,27.7,29.0,27.94,1.0599999999999987,3.79,137644.19,401999.255
002773.SZ,20250530,28.98,31.9,28.98,31.27,29.0,2.2699999999999996,7.83,231688.31,732398.837
002773.SZ,20250603,30.96,31.81,30.26,30.6,31.27,-0.6699999999999982,-2.14,194311.2,610781.773
002773.SZ,20250604,30.72,31.16,30.36,30.7,30.6,0.09999999999999787,0.33,106348.76,333892.756
002773.SZ,20250605,30.66,30.83,29.58,29.9,30.7,-0.8000000000000007,-2.61,120890.93,370635.193
002773.SZ,20250606,29.92,30.68,29.77,30.28,29.9,0.38000000000000256,1.27,96023.48,289598.166
002773.SZ,20250609,30.28,32.96,29.97,32.0,30.28,1.7199999999999989,5.68,182603.16,582051.489
002773.SZ,20250610,32.01,32.66,31.26,32.3,32.0,0.29999999999999716,0.94,141768.74,454121.258
002773.SZ,20250611,32.0,32.29,30.91,31.27,32.3,-1.0299999999999976,-3.19,127229.52,399009.046
002773.SZ,20250612,31.21,31.84,31.02,31.45,31.27,0.17999999999999972,0.58,134240.2,421422.068
002773.SZ,20250613,31.43,31.66,30.0,31.34,31.45,-0.10999999999999943,-0.35,215207.97,660060.86
002773.SZ,20250616,30.95,31.17,30.1,30.29,31.34,-1.0500000000000007,-3.35,135345.78,412189.517
002773.SZ,20250617,30.33,30.54,28.0,28.05,30.29,-2.2399999999999984,-7.4,221884.72,637535.076
002773.SZ,20250618,27.94,28.11,27.3,27.89,28.05,-0.16000000000000014,-0.57,104166.14,288883.186
002773.SZ,20250619,27.8,28.19,26.9,27.11,27.89,-0.7800000000000011,-2.8,85304.01,233958.368
002773.SZ,20250620,27.01,28.03,26.81,27.79,27.11,0.6799999999999997,2.51,115842.12,317999.975
002773.SZ,20250623,27.55,28.07,27.21,27.85,27.79,0.060000000000002274,0.22,90909.1,251965.133
002773.SZ,20250624,28.05,29.0,27.86,28.75,27.85,0.8999999999999986,3.23,101330.61,289677.711
002773.SZ,20250625,28.75,28.75,27.88,28.46,28.75,-0.28999999999999915,-1.01,77703.58,219863.388
002773.SZ,20250626,28.14,28.48,27.6,28.28,28.46,-0.17999999999999972,-0.63,58240.0,163690.414
002773.SZ,20250627,28.21,29.41,28.14,28.66,28.28,0.379999999999999,1.34,76031.51,219306.214
002773.SZ,20250630,28.7,29.06,28.45,28.97,28.66,0.3099999999999987,1.08,51779.96,149029.816
002773.SZ,20250701,29.0,30.47,28.81,30.36,28.97,1.3900000000000006,4.8,101605.42,301889.884
002773.SZ,20250702,30.19,30.19,28.56,28.83,30.36,-1.5300000000000011,-5.04,92910.92,270735.324
002773.SZ,20250703,28.67,29.98,28.6,29.2,28.83,0.370000000000001,1.28,75702.28,222203.052
002773.SZ,20250704,29.0,30.3,29.0,30.16,29.2,0.9600000000000009,3.29,106594.0,319294.009
002773.SZ,20250707,29.99,31.25,29.52,29.55,30.16,-0.6099999999999994,-2.02,92095.26,278400.244
002773.SZ,20250708,29.57,30.14,29.02,29.48,29.55,-0.07000000000000028,-0.24,72201.09,212511.616
002773.SZ,20250709,29.28,29.63,28.72,28.86,29.48,-0.620000000000001,-2.1,72822.02,211997.102
002773.SZ,20250710,28.82,29.66,28.8,29.09,28.86,0.23000000000000043,0.8,56363.26,165056.713
002773.SZ,20250711,29.15,30.7,28.96,30.5,29.09,1.4100000000000001,4.85,132461.6,398900.149
002773.SZ,20250714,30.17,31.8,30.15,31.7,30.5,1.1999999999999993,3.93,114173.33,357092.93
002773.SZ,20250715,31.64,32.02,31.2,31.72,31.7,0.019999999999999574,0.06,71434.66,226293.271
002773.SZ,20250716,31.73,32.58,31.6,32.24,31.72,0.5200000000000031,1.64,73295.43,236172.54
002773.SZ,20250717,32.19,35.46,32.07,34.75,32.24,2.509999999999998,7.79,143920.1,490218.434
002773.SZ,20250718,34.71,37.66,34.07,37.31,34.75,2.5600000000000023,7.37,163045.57,584073.686
002773.SZ,20250721,36.9,39.8,35.7,39.7,37.31,2.3900000000000006,6.41,129217.78,488359.011
002773.SZ,20250722,39.0,43.67,38.4,42.8,39.7,3.0999999999999943,7.81,201174.0,848957.872
002773.SZ,20250723,41.69,44.49,40.51,40.81,42.8,-1.9899999999999949,-4.65,190418.48,799100.91
002773.SZ,20250724,41.4,41.62,40.02,40.89,40.81,0.0799999999999983,0.2,125022.04,508565.306
002773.SZ,20250725,40.8,41.53,39.84,40.3,40.89,-0.5900000000000034,-1.44,105943.95,431067.289
002773.SZ,20250728,40.35,40.82,39.94,40.44,40.3,0.14000000000000057,0.35,93718.63,377762.617
002773.SZ,20250729,40.22,42.53,39.4,41.69,40.44,1.25,3.09,143769.39,596662.236
002773.SZ,20250730,41.24,42.12,40.32,41.08,41.69,-0.6099999999999994,-1.46,96728.11,398567.805
002773.SZ,20250731,41.5,42.86,40.38,40.98,41.08,-0.10000000000000142,-0.24,158024.97,662292.53
002773.SZ,20250801,40.9,42.2,40.44,41.32,40.98,0.3400000000000034,0.83,94210.02,388061.032
002773.SZ,20250804,41.27,41.66,39.6,41.44,41.32,0.11999999999999744,0.29,96277.53,392270.642
002773.SZ,20250805,41.25,42.88,40.71,42.06,41.44,0.6200000000000045,1.5,101396.89,423793.816
002773.SZ,20250806,42.26,46.27,42.0,45.44,42.06,3.3799999999999955,8.04,161030.91,722414.828
002773.SZ,20250807,44.5,45.98,42.0,42.26,45.44,-3.1799999999999997,-7.0,141267.53,614851.912
002773.SZ,20250808,41.66,42.49,40.98,42.28,42.26,0.020000000000003126,0.05,86730.0,362597.547
002773.SZ,20250811,42.0,43.12,41.51,42.55,42.28,0.269999999999996,0.64,74398.33,315880.543
002773.SZ,20250812,42.37,42.5,41.53,42.18,42.55,-0.36999999999999744,-0.87,66238.9,278183.907
002773.SZ,20250813,42.28,45.13,42.04,44.49,42.18,2.3100000000000023,5.48,101836.61,447120.328
002773.SZ,20250814,44.49,47.37,44.0,46.13,44.49,1.6400000000000006,3.69,102046.15,466558.373
002773.SZ,20250815,46.13,46.73,45.03,46.0,46.13,-0.13000000000000256,-0.28,77712.63,355685.829
002773.SZ,20250818,45.97,46.2,43.04,44.4,46.0,-1.6000000000000014,-3.48,111982.76,495231.406
002773.SZ,20250819,44.01,44.94,43.23,43.29,44.4,-1.1099999999999994,-2.5,70875.44,311318.161
002773.SZ,20250820,43.13,44.58,42.0,43.27,43.29,-0.01999999999999602,-0.05,76996.02,332823.048
002773.SZ,20250821,43.26,44.4,42.73,43.74,43.27,0.46999999999999886,1.09,72981.14,317598.8
002773.SZ,20250822,43.43,43.88,42.0,42.26,43.74,-1.480000000000004,-3.38,113282.15,480615.527
002773.SZ,20250825,42.28,43.23,41.7,42.67,42.26,0.4100000000000037,0.97,109754.48,465226.911
002773.SZ,20250826,42.54,43.1,42.1,42.2,42.67,-0.46999999999999886,-1.1,68289.34,289418.023
002773.SZ,20250827,42.08,42.65,40.7,40.73,42.2,-1.470000000000006,-3.48,78461.49,326888.828
002773.SZ,20250828,40.5,40.9,37.55,39.36,40.73,-1.3699999999999974,-3.36,173770.74,676149.06
002773.SZ,20250829,39.18,40.8,39.02,40.26,39.36,0.8999999999999986,2.29,97165.61,389317.453
002773.SZ,20250901,40.03,42.55,39.6,41.86,40.26,1.6000000000000014,3.97,120943.7,503963.682
002773.SZ,20250902,41.87,42.67,41.1,41.5,41.86,-0.35999999999999943,-0.86,84957.46,355650.984
002773.SZ,20250903,41.86,42.55,40.71,41.21,41.5,-0.28999999999999915,-0.7,52668.12,218455.533
002773.SZ,20250904,41.21,41.65,38.76,39.35,41.21,-1.8599999999999994,-4.51,94187.71,373453.311
002773.SZ,20250905,39.31,40.26,38.66,40.08,39.35,0.7299999999999969,1.86,64507.17,254070.149
002773.SZ,20250908,40.12,40.48,38.81,39.6,40.08,-0.4799999999999969,-1.2,60467.8,239118.797
002773.SZ,20250909,39.6,40.16,37.81,38.38,39.6,-1.2199999999999989,-3.08,79992.49,310769.843
002773.SZ,20250910,38.35,39.4,38.05,38.96,38.38,0.5799999999999983,1.51,60115.29,234516.02
002773.SZ,20250911,38.0,39.29,36.5,39.16,38.96,0.19999999999999574,0.51,67143.83,259263.987
002773.SZ,20250912,39.18,39.85,38.74,39.27,39.16,0.11000000000000654,0.28,58547.98,230255.662
002773.SZ,20250915,39.18,40.58,39.08,39.39,39.27,0.11999999999999744,0.31,67917.02,270497.201
002773.SZ,20250916,39.34,39.98,39.01,39.5,39.39,0.10999999999999943,0.28,38205.25,150825.243
002773.SZ,20250917,39.4,39.95,38.71,39.62,39.5,0.11999999999999744,0.3,56215.47,221311.476
002773.SZ,20250918,39.7,40.36,38.91,39.4,39.62,-0.21999999999999886,-0.56,68459.31,271633.608
002773.SZ,20250919,39.45,39.57,36.86,37.0,39.4,-2.3999999999999986,-6.09,94080.58,355253.265
002773.SZ,20250922,37.0,38.12,37.0,37.63,37.0,0.6300000000000026,1.7,63103.58,237000.337
002773.SZ,20250923,37.5,37.59,35.8,36.62,37.63,-1.0100000000000051,-2.68,64945.56,237028.121
002773.SZ,20250924,36.64,37.82,36.48,37.61,36.62,0.990000000000002,2.7,41014.84,152936.598
002773.SZ,20250925,37.58,38.3,36.89,36.95,37.61,-0.6599999999999966,-1.75,56876.27,212792.446
002773.SZ,20250926,36.81,36.87,36.06,36.42,36.95,-0.5300000000000011,-1.43,40064.2,146213.82
002773.SZ,20250929,36.4,36.73,35.89,36.47,36.42,0.04999999999999716,0.14,33433.79,121438.894
002773.SZ,20250930,36.48,37.39,36.06,37.03,36.47,0.5600000000000023,1.54,59805.71,219895.889
002773.SZ,20251009,37.03,37.77,36.55,36.66,37.03,-0.37000000000000455,-1.0,51904.34,191654.897
002773.SZ,20251010,36.42,36.92,35.73,36.01,36.66,-0.6499999999999986,-1.77,45613.25,165207.723
002773.SZ,20251013,35.5,35.91,34.71,35.08,36.01,-0.9299999999999997,-2.58,53134.17,187172.922
002773.SZ,20251014,35.17,35.63,33.84,34.2,35.08,-0.8799999999999955,-2.51,62491.93,216549.023
002773.SZ,20251015,34.17,35.18,33.7,35.06,34.2,0.8599999999999994,2.51,57445.8,199725.423
002773.SZ,20251016,35.0,36.1,34.72,34.86,35.06,-0.20000000000000284,-0.57,61800.74,218124.606
002773.SZ,20251017,35.24,35.77,34.59,34.86,34.86,0.0,0.0,64574.28,226337.775
002773.SZ,20251020,34.92,35.2,33.78,34.06,34.86,-0.7999999999999972,-2.29,61135.39,209661.022
002773.SZ,20251021,34.05,34.36,33.76,33.8,34.06,-0.2600000000000051,-0.76,52320.36,177951.195
002773.SZ,20251022,33.76,34.3,33.04,33.27,33.8,-0.529999999999994,-1.57,69259.33,231490.402
002773.SZ,20251023,33.15,33.36,32.36,33.05,33.27,-0.22000000000000597,-0.66,67512.33,220905.151
002773.SZ,20251024,32.88,33.17,31.98,32.29,33.05,-0.759999999999998,-2.3,89064.21,288929.735
002773.SZ,20251027,32.33,33.13,31.95,32.34,32.29,0.05000000000000426,0.15,96237.83,313038.631
002773.SZ,20251028,32.38,32.61,31.33,32.44,32.34,0.09999999999999432,0.31,114220.06,365976.578
002773.SZ,20251029,32.32,32.95,32.0,32.77,32.44,0.3300000000000054,1.02,70806.1,230516.738
002773.SZ,20251030,32.77,32.79,31.87,32.4,32.77,-0.37000000000000455,-1.13,70085.85,226097.238
002773.SZ,20251031,32.29,34.15,32.15,33.84,32.4,1.4400000000000048,4.44,152369.37,510244.681
002773.SZ,20251103,33.81,33.84,32.16,33.12,33.84,-0.720000000000006,-2.13,142952.25,470214.315
002773.SZ,20251104,32.94,33.14,30.51,30.87,33.12,-2.2499999999999964,-6.79,180393.29,565595.589
002773.SZ,20251105,30.58,31.44,30.49,31.23,30.87,0.35999999999999943,1.17,91804.26,285788.33
002773.SZ,20251106,31.18,31.83,30.98,31.46,31.23,0.23000000000000043,0.74,54599.76,171247.343
002773.SZ,20251107,31.33,31.49,31.03,31.15,31.46,-0.3100000000000023,-0.99,51217.3,159761.248
002773.SZ,20251110,31.15,31.8,31.1,31.6,31.15,0.45000000000000284,1.44,63914.34,200880.24
002773.SZ,20251111,31.7,31.86,31.31,31.61,31.6,0.00999999999999801,0.03,50145.56,158304.437
002773.SZ,20251112,31.67,32.31,31.51,31.73,31.61,0.120000000000001,0.38,86003.59,274841.245
002773.SZ,20251113,32.07,32.52,31.75,32.17,31.73,0.4400000000000013,1.39,103591.95,333385.683
002773.SZ,20251114,32.18,33.2,32.02,32.79,32.17,0.6199999999999974,1.93,116840.32,382268.153
002773.SZ,20251117,32.79,32.79,31.2,31.58,32.79,-1.2100000000000009,-3.69,101148.58,320285.975
002773.SZ,20251118,31.57,31.8,31.07,31.37,31.58,-0.2099999999999973,-0.66,53268.53,167172.797
002773.SZ,20251119,31.24,31.48,30.75,30.81,31.37,-0.5600000000000023,-1.79,58811.27,182672.743
002773.SZ,20251120,30.9,31.45,30.77,30.81,30.81,0.0,0.0,51991.76,161745.167
002773.SZ,20251121,30.6,31.02,29.87,30.12,30.81,-0.6899999999999977,-2.24,67518.87,204321.127
002773.SZ,20251124,30.11,30.73,30.11,30.41,30.12,0.28999999999999915,0.96,54869.59,167224.152
002773.SZ,20251125,30.59,31.78,30.4,30.97,30.41,0.5599999999999987,1.84,76118.3,238703.328
002773.SZ,20251126,31.27,32.0,31.17,31.46,30.97,0.490000000000002,1.58,66218.22,209162.444
002773.SZ,20251127,31.4,31.53,30.89,31.1,31.46,-0.35999999999999943,-1.14,51995.0,162371.52
002773.SZ,20251128,31.05,31.53,30.96,31.5,31.1,0.3999999999999986,1.29,37132.18,116261.689
002773.SZ,20251201,31.5,31.8,31.36,31.72,31.5,0.21999999999999886,0.7,47228.78,149499.141
002773.SZ,20251202,31.62,31.77,30.45,30.52,31.72,-1.1999999999999993,-3.78,60923.0,187984.035
002773.SZ,20251203,30.65,30.73,30.29,30.52,30.52,0.0,0.0,31794.0,96975.102
002773.SZ,20251204,30.49,31.2,30.41,30.97,30.52,0.4499999999999993,1.47,49276.14,152867.93
002773.SZ,20251205,30.97,31.04,30.37,31.02,30.97,0.05000000000000071,0.16,35759.79,109554.088
002773.SZ,20251208,31.18,31.5,30.92,31.34,31.02,0.3200000000000003,1.03,42427.41,132699.529
002773.SZ,20251209,31.35,31.96,31.04,31.11,31.34,-0.23000000000000043,-0.73,42389.38,133253.099
002773.SZ,20251210,31.08,31.44,30.67,31.26,31.11,0.15000000000000213,0.48,30681.96,95388.007
002773.SZ,20251211,31.26,31.46,30.7,30.75,31.26,-0.5100000000000016,-1.63,37003.05,114938.86
002773.SZ,20251212,30.76,30.9,30.01,30.75,30.75,0.0,0.0,40618.89,123878.502
002773.SZ,20251215,30.65,31.07,30.2,30.29,30.75,-0.46000000000000085,-1.5,39414.39,120440.943
002773.SZ,20251216,30.24,30.36,29.29,29.89,30.29,-0.3999999999999986,-1.32,58811.41,174645.256
002773.SZ,20251217,30.0,30.49,29.7,30.31,29.89,0.41999999999999815,1.41,37499.78,112916.015
002773.SZ,20251218,30.38,30.43,29.8,29.95,30.31,-0.35999999999999943,-1.19,44767.92,134300.185
002773.SZ,20251219,29.95,31.27,29.9,30.98,29.95,1.0300000000000011,3.44,87121.78,269566.533
002773.SZ,20251222,30.98,31.1,30.61,30.77,30.98,-0.21000000000000085,-0.68,41067.86,126435.315
002773.SZ,20251223,30.75,31.27,30.62,30.83,30.77,0.05999999999999872,0.19,35160.16,108559.801
002773.SZ,20251224,30.83,31.27,30.61,30.74,30.83,-0.08999999999999986,-0.29,50396.01,155516.18
002773.SZ,20251225,30.77,31.25,30.52,31.17,30.74,0.43000000000000327,1.4,37252.41,114989.967
002773.SZ,20251226,31.17,31.25,30.7,30.76,31.17,-0.41000000000000014,-1.32,49487.41,152825.164
002773.SZ,20251229,30.76,30.76,29.8,29.85,30.76,-0.9100000000000001,-2.96,68171.48,204745.152
002773.SZ,20251230,29.73,30.0,29.5,29.97,29.85,0.11999999999999744,0.4,48635.36,144764.882
002773.SZ,20251231,29.97,30.02,29.56,29.97,29.97,0.0,0.0,46294.63,137869.239
002773.SZ,20260105,29.75,32.97,29.61,32.97,29.97,3.0,10.01,200738.26,642949.461
002773.SZ,20260106,33.49,34.04,33.12,33.75,32.97,0.7800000000000011,2.37,249706.72,837762.172
002773.SZ,20260107,33.77,34.12,33.35,33.37,33.75,-0.38000000000000256,-1.13,123130.27,414833.948
002773.SZ,20260108,33.69,33.96,33.03,33.37,33.37,0.0,0.0,102920.6,344359.13
002773.SZ,20260109,33.42,34.6,33.2,34.33,33.37,0.9600000000000009,2.88,145555.55,494541.583
002773.SZ,20260112,34.59,34.91,33.8,34.39,34.33,0.060000000000002274,0.17,155395.81,534203.958
002773.SZ,20260113,34.37,35.56,34.18,34.75,34.39,0.35999999999999943,1.05,160152.32,559038.565
002773.SZ,20260114,34.75,34.86,33.33,33.9,34.75,-0.8500000000000014,-2.45,160315.11,547503.632
002773.SZ,20260115,33.7,34.14,33.37,33.51,33.9,-0.39000000000000057,-1.15,70506.84,237134.846
002773.SZ,20260116,33.61,33.92,33.14,33.53,33.51,0.020000000000003126,0.06,78926.17,264051.67
002773.SZ,20260119,33.46,34.37,33.13,33.82,33.53,0.28999999999999915,0.86,127635.83,431418.062
002773.SZ,20260120,33.85,34.9,33.37,33.65,33.82,-0.1700000000000017,-0.5,135290.59,458137.179
002773.SZ,20260121,33.5,33.83,32.97,33.05,33.65,-0.6000000000000014,-1.78,94429.52,314313.091
002773.SZ,20260122,33.05,33.54,31.9,32.05,33.05,-1.0,-3.03,112456.83,363368.374
002773.SZ,20260123,32.05,32.87,31.69,32.58,32.05,0.5300000000000011,1.65,93376.48,303008.602
002773.SZ,20260126,32.52,32.69,31.36,31.45,32.58,-1.129999999999999,-3.47,112355.0,356300.571
002773.SZ,20260127,31.45,31.6,30.06,30.68,31.45,-0.7699999999999996,-2.45,96135.12,294116.276
002773.SZ,20260128,30.74,30.9,30.07,30.34,30.68,-0.33999999999999986,-1.11,73595.98,223342.021
002773.SZ,20260129,30.26,30.59,30.0,30.39,30.34,0.05000000000000071,0.16,62696.71,190081.034
002773.SZ,20260130,30.4,30.83,29.33,29.35,30.39,-1.0399999999999991,-3.42,105347.77,313642.791
002773.SZ,20260202,29.0,29.39,28.0,28.1,29.35,-1.25,-4.26,94584.23,270730.748
002773.SZ,20260203,28.2,28.41,27.6,28.09,28.1,-0.010000000000001563,-0.04,85784.88,239608.896
002773.SZ,20260204,28.1,28.88,28.02,28.74,28.09,0.6499999999999986,2.31,81407.7,233014.71
002773.SZ,20260205,28.92,29.35,28.64,29.0,28.74,0.26000000000000156,0.9,82588.67,240485.251
002773.SZ,20260206,28.91,29.45,28.67,29.1,29.0,0.10000000000000142,0.34,64597.0,188499.53
002773.SZ,20260209,29.18,29.32,28.83,29.22,29.1,0.11999999999999744,0.41,46424.67,135184.858
002773.SZ,20260210,29.24,29.56,29.06,29.29,29.22,0.07000000000000028,0.24,48414.82,142002.606
002773.SZ,20260211,29.3,29.47,29.12,29.13,29.29,-0.16000000000000014,-0.55,30591.0,89518.212
002773.SZ,20260212,29.13,29.19,28.89,29.07,29.13,-0.05999999999999872,-0.21,24484.9,71203.113
002773.SZ,20260213,29.06,29.3,28.66,28.68,29.07,-0.39000000000000057,-1.34,33215.18,96174.725
002773.SZ,20260224,28.81,28.97,28.61,28.82,28.68,0.14000000000000057,0.49,36502.28,105202.327
002773.SZ,20260225,28.9,29.25,28.74,29.24,28.82,0.41999999999999815,1.46,42609.85,123772.092
002773.SZ,20260226,29.24,29.38,28.94,29.0,29.24,-0.23999999999999844,-0.82,39482.28,114713.157
002773.SZ,20260227,28.94,29.3,28.83,29.24,29.0,0.23999999999999844,0.83,31676.19,92374.949
002773.SZ,20260302,29.06,29.2,28.02,28.05,29.24,-1.1899999999999977,-4.07,80343.54,227462.431
002773.SZ,20260303,28.05,28.24,27.11,27.19,28.05,-0.8599999999999994,-3.07,75601.35,207907.005
002773.SZ,20260304,26.95,27.46,26.45,26.71,27.19,-0.4800000000000004,-1.77,61382.03,165052.497
002773.SZ,20260305,27.05,27.43,26.61,27.06,26.71,0.34999999999999787,1.31,44655.65,120643.209
002773.SZ,20260306,27.01,28.18,26.93,27.94,27.06,0.8800000000000026,3.25,57915.66,161271.165
002773.SZ,20260309,27.76,27.9,27.37,27.8,27.94,-0.14000000000000057,-0.5,58177.31,160837.529
002773.SZ,20260310,27.92,28.8,27.92,28.69,27.8,0.8900000000000006,3.2,59933.68,170167.085
002773.SZ,20260311,28.71,28.72,27.9,27.91,28.69,-0.7800000000000011,-2.72,57424.28,161588.004
002773.SZ,20260312,28.06,28.1,27.37,27.6,27.91,-0.3099999999999987,-1.11,40578.25,112005.78
002773.SZ,20260313,27.55,27.84,27.36,27.47,27.6,-0.13000000000000256,-0.47,35069.75,96548.492
002773.SZ,20260316,27.31,27.77,27.14,27.66,27.47,0.19000000000000128,0.69,35195.29,96706.74
002773.SZ,20260317,27.66,28.28,27.35,27.45,27.66,-0.21000000000000085,-0.76,52712.26,146380.801
002773.SZ,20260318,27.44,27.57,27.1,27.26,27.45,-0.18999999999999773,-0.69,33002.28,90039.347
002773.SZ,20260319,27.0,27.23,26.55,26.65,27.26,-0.610000000000003,-2.24,37260.5,99943.119
002773.SZ,20260320,26.66,27.0,25.99,26.01,26.65,-0.639999999999997,-2.4,54809.78,144178.468
002773.SZ,20260323,25.48,25.79,24.5,24.76,26.01,-1.25,-4.81,62506.63,156512.777
002773.SZ,20260324,25.11,25.49,25.01,25.46,24.76,0.6999999999999993,2.83,44073.39,111342.122
002773.SZ,20260325,25.79,25.79,25.35,25.52,25.46,0.05999999999999872,0.24,33757.61,86320.022
002773.SZ,20260326,25.52,26.03,25.03,25.14,25.52,-0.379999999999999,-1.49,42019.41,106899.881
002773.SZ,20260327,24.92,27.65,24.88,27.65,25.14,2.509999999999998,9.98,83098.0,222643.8
002773.SZ,20260330,28.14,29.01,28.01,28.46,27.65,0.8100000000000023,2.93,247071.54,704423.014
002773.SZ,20260331,28.48,29.15,28.3,28.9,28.46,0.4399999999999977,1.55,190827.64,547886.148
002773.SZ,20260401,28.8,30.5,28.39,30.25,28.9,1.3500000000000014,4.67,279361.49,829371.746
002773.SZ,20260402,29.8,30.6,29.3,30.0,30.25,-0.25,-0.83,166956.16,496600.387
002773.SZ,20260403,29.25,29.53,28.55,28.64,30.0,-1.3599999999999994,-4.53,132382.64,381943.87
002773.SZ,20260407,28.63,29.07,27.92,28.43,28.64,-0.21000000000000085,-0.73,121292.2,344573.94
002773.SZ,20260408,28.8,29.04,28.27,28.57,28.43,0.14000000000000057,0.49,126512.21,360890.31
002773.SZ,20260409,28.31,28.86,27.96,28.09,28.57,-0.4800000000000004,-1.68,105151.89,296981.47
002773.SZ,20260410,28.08,28.6,27.79,28.05,28.09,-0.03999999999999915,-0.14,112054.41,315509.054
002773.SZ,20260413,28.0,28.29,27.4,27.81,28.05,-0.240000000000002,-0.86,98742.37,274724.46
002773.SZ,20260414,28.04,28.07,26.12,27.14,27.81,-0.6699999999999982,-2.41,210996.65,566286.179
002773.SZ,20260415,27.44,27.68,26.59,27.68,27.14,0.5399999999999991,1.99,164215.69,447691.134
002773.SZ,20260416,27.55,27.84,26.8,27.28,27.68,-0.3999999999999986,-1.45,126441.75,344540.742
002773.SZ,20260417,27.19,27.25,26.34,26.62,27.28,-0.6600000000000001,-2.42,108754.16,290107.821
002773.SZ,20260420,26.62,27.88,26.39,27.01,26.62,0.39000000000000057,1.47,181685.64,491435.286
002773.SZ,20260421,26.74,27.32,26.56,26.73,27.01,-0.28000000000000114,-1.04,105144.0,282266.001
002773.SZ,20260422,26.53,26.76,26.25,26.74,26.73,0.00999999999999801,0.04,91508.74,242893.22
002773.SZ,20260423,25.74,26.0,25.22,25.79,26.74,-0.9499999999999993,-3.55,156292.71,400210.209
002773.SZ,20260424,25.58,25.93,24.87,25.54,25.79,-0.25,-0.97,97160.33,246566.026
002773.SZ,20260427,25.4,25.63,25.21,25.3,25.54,-0.23999999999999844,-0.94,65562.88,166234.716
002773.SZ,20260428,25.21,25.75,24.4,24.49,25.3,-0.8100000000000023,-3.2,117640.68,292405.013
002773.SZ,20260429,24.33,25.1,24.24,24.88,24.49,0.39000000000000057,1.59,71922.28,178080.049
002773.SZ,20260430,24.77,25.07,24.52,24.63,24.88,-0.25,-1.0,52126.71,129042.35
002773.SZ,20260506,24.62,24.71,24.45,24.56,24.63,-0.07000000000000028,-0.28,68104.75,167143.339
002773.SZ,20260507,24.61,24.79,24.41,24.59,24.56,0.030000000000001137,0.12,60298.38,148014.14
002773.SZ,20260508,24.59,24.71,24.1,24.23,24.59,-0.35999999999999943,-1.46,78734.44,191343.497
002773.SZ,20260511,24.1,24.18,23.36,24.07,24.23,-0.16000000000000014,-0.66,153991.53,365523.223
002773.SZ,20260512,23.99,24.13,23.46,23.5,24.07,-0.5700000000000003,-2.37,115234.11,273053.042
002773.SZ,20260513,23.5,23.65,22.9,23.11,23.5,-0.39000000000000057,-1.66,89883.28,207563.768
002773.SZ,20260514,23.14,23.33,22.47,22.48,23.11,-0.629999999999999,-2.73,84423.62,192283.488
002773.SZ,20260515,22.48,22.74,22.1,22.17,22.48,-0.3099999999999987,-1.38,75081.55,168466.477
002773.SZ,20260518,22.1,22.1,21.35,21.49,22.17,-0.6800000000000033,-3.07,98099.53,212202.499
002773.SZ,20260519,21.44,22.05,21.44,21.85,21.49,0.360000000000003,1.68,64582.72,140844.189
002773.SZ,20260520,21.93,22.22,21.31,21.66,21.85,-0.19000000000000128,-0.87,80860.75,175295.609
002773.SZ,20260521,21.69,22.15,21.42,21.47,21.66,-0.19000000000000128,-0.88,106040.73,231194.32
002773.SZ,20260522,21.51,21.63,21.1,21.18,21.47,-0.28999999999999915,-1.35,70292.53,149316.939
002773.SZ,20260525,21.12,21.3,20.93,21.12,21.18,-0.05999999999999872,-0.28,50710.12,106868.81
002773.SZ,20260526,21.11,21.32,20.88,21.27,21.12,0.14999999999999858,0.71,60424.0,127519.199
002773.SZ,20260527,21.18,21.7,20.72,21.23,21.27,-0.03999999999999915,-0.19,97618.7,206222.517
002773.SZ,20260528,21.25,21.42,20.57,20.85,21.23,-0.379999999999999,-1.79,74097.0,154682.681
002773.SZ,20260529,20.86,21.33,20.7,21.0,20.85,0.14999999999999858,0.72,90539.25,190530.55
002773.SZ,20260601,21.15,21.35,20.95,21.25,21.0,0.25,1.19,62537.24,132213.315
002773.SZ,20260602,21.25,21.65,20.98,21.33,21.25,0.0799999999999983,0.38,94827.67,201998.858
002773.SZ,20260603,21.37,22.12,21.04,21.56,21.33,0.23000000000000043,1.08,117319.08,253205.989
002773.SZ,20260604,21.56,21.74,21.38,21.64,21.56,0.08000000000000185,0.37,96145.64,207286.562
